Num_site=50, instance_num=0, lan_init=0
14887
13974.8
12810
10300.6
10300.6
9238.99
9238.99
8633.46
8475.38
8021.53
7664.41
7664.41
7664.41
7642.21
7527.42
7527.42
7351.94
7351.94
7351.94
7351.94
6925.07
6925.07
6925.07
6925.07
6925.07
6925.07
6925.07
6925.07
6925.07
6925.07
6914.27
6914.27
6914.27
6914.27
6914.27
6914.27
6914.27
6914.27
6914.27
6914.27
6914.27
6914.27
6914.27
6914.27
6914.27
6914.27
6914.27
6914.27
6914.27
6914.27
6914.27
6914.27
6914.27
6914.27
6814.14
6814.14
6814.14
6814.14
6814.14
6814.14
6814.14
6814.14
6814.14
6814.14
6814.14
6814.14
6814.14
6814.14
6814.14
6814.14
6814.14
6814.14
6814.14
6814.14
6814.14
6814.14
6814.14
6814.14
6814.14
6814.14
6814.14
6814.14
6814.14
6814.14
6814.14
6814.14
6814.14
6814.14
6814.14
6814.14
6814.14
6814.14
6814.14
6814.14
6814.14
6814.14
6814.14
6814.14
6814.14
6814.14
