Num_site=50, instance_num=0, lan_init=0
16225.1
13829.6
12983.3
11807.6
11540
10741.7
9370.15
9025.53
9025.53
8892.07
8701.68
8667.07
8667.07
8667.07
7851.03
7850.05
7850.05
7664.17
7664.17
7443.74
7443.74
7095.35
6975.91
6975.91
6975.91
6975.91
6975.91
6975.91
6975.91
6975.91
6975.91
6975.91
6975.91
6975.91
6975.91
6953.89
6953.89
6814.14
6814.14
6814.14
6814.14
6814.14
6814.14
6814.14
6814.14
6814.14
6814.14
6814.14
6814.14
6814.14
6814.14
6814.14
6814.14
6814.14
6814.14
6814.14
6814.14
6814.14
6814.14
6814.14
6814.14
6814.14
6814.14
6814.14
6814.14
6814.14
6814.14
6814.14
6814.14
6814.14
6814.14
6814.14
6814.14
6814.14
6814.14
6814.14
6814.14
6814.14
6814.14
6814.14
6814.14
6814.14
6814.14
6814.14
6814.14
6814.14
6814.14
6814.14
6814.14
6814.14
6814.14
6814.14
6814.14
6814.14
6814.14
6814.14
6814.14
6814.14
6814.14
6814.14
