Num_site=50, instance_num=0, lan_init=0
20189
13529
11504.1
11301.2
9832.04
9547.73
9547.73
9547.73
8721.05
7660.04
7660.04
7660.04
7660.04
7557.01
7557.01
7336
7336
7336
7098.23
7098.23
7098.23
7098.23
7098.23
6956.72
6956.72
6956.72
6956.72
6956.72
6956.72
6956.72
6956.72
6956.72
6814.14
6814.14
6814.14
6814.14
6814.14
6814.14
6814.14
6814.14
6814.14
6814.14
6814.14
6814.14
6814.14
6814.14
6814.14
6814.14
6814.14
6814.14
6814.14
6814.14
6814.14
6814.14
6814.14
6814.14
6814.14
6814.14
6814.14
6814.14
6814.14
6814.14
6814.14
6814.14
6814.14
6814.14
6814.14
6814.14
6814.14
6814.14
6814.14
6814.14
6814.14
6814.14
6814.14
6814.14
6814.14
6814.14
6814.14
6814.14
6814.14
6814.14
6814.14
6814.14
6814.14
6814.14
6814.14
6814.14
6814.14
6814.14
6814.14
6814.14
6814.14
6814.14
6814.14
6814.14
6814.14
6814.14
6814.14
6814.14
