Num_site=50, instance_num=0, lan_init=0
18772.3
15603.5
15207.3
14459.4
12892.9
12466.3
10976.7
10870.1
9478.64
9478.64
9166.16
8656.33
8656.33
8656.33
8056.54
8056.54
7419.3
7419.3
7419.3
7419.3
7419.3
7419.3
7419.3
7419.3
7148.39
7148.39
7148.39
7148.39
7148.39
7148.39
7148.39
7148.39
7148.39
7095.35
7095.35
7095.35
6967.07
6967.07
6967.07
6967.07
6967.07
6925.07
6925.07
6925.07
6925.07
6925.07
6914.27
6814.14
6814.14
6814.14
6814.14
6814.14
6814.14
6814.14
6814.14
6814.14
6814.14
6814.14
6814.14
6814.14
6814.14
6814.14
6814.14
6814.14
6814.14
6814.14
6814.14
6814.14
6814.14
6814.14
6814.14
6814.14
6814.14
6814.14
6814.14
6814.14
6814.14
6814.14
6814.14
6814.14
6814.14
6814.14
6814.14
6814.14
6814.14
6814.14
6814.14
6814.14
6814.14
6814.14
6814.14
6814.14
6814.14
6814.14
6814.14
6814.14
6814.14
6814.14
6814.14
6814.14
