Num_site=50, instance_num=0, lan_init=0
15665.6
13082.6
11759.3
9677.57
9677.57
9246.34
9150.65
9150.65
9150.65
8761.37
8533.01
7973.75
7973.75
7738.38
7630.15
7630.15
7630.15
7630.15
7630.15
7630.15
7630.15
7426.69
7426.69
7344.02
7248.31
6992.48
6992.48
6992.48
6992.48
6814.14
6814.14
6814.14
6814.14
6814.14
6814.14
6814.14
6814.14
6814.14
6814.14
6814.14
6814.14
6814.14
6814.14
6814.14
6814.14
6814.14
6814.14
6814.14
6814.14
6814.14
6814.14
6814.14
6814.14
6814.14
6814.14
6814.14
6814.14
6814.14
6814.14
6814.14
6814.14
6814.14
6814.14
6814.14
6814.14
6814.14
6814.14
6814.14
6814.14
6814.14
6814.14
6814.14
6814.14
6814.14
6814.14
6814.14
6814.14
6814.14
6814.14
6814.14
6814.14
6814.14
6814.14
6814.14
6814.14
6814.14
6814.14
6814.14
6814.14
6814.14
6814.14
6814.14
6814.14
6814.14
6814.14
6814.14
6814.14
6814.14
6814.14
6814.14
