Num_site=50, instance_num=0, lan_init=0
16616.1
14341
14341
12602.5
10689.1
9731.46
9731.46
8806.59
8716.97
8350.83
8350.83
7949.07
7949.07
7949.07
7949.07
7849.47
7520.57
7232.29
7232.29
7232.29
7232.29
7232.29
7232.29
7232.29
7232.29
6985.9
6985.9
6985.9
6985.9
6950.86
6950.86
6950.86
6950.86
6950.86
6950.86
6950.86
6950.86
6950.86
6950.86
6950.86
6950.86
6950.86
6950.86
6950.86
6950.86
6950.86
6950.86
6814.14
6814.14
6814.14
6814.14
6814.14
6814.14
6814.14
6814.14
6814.14
6814.14
6814.14
6814.14
6814.14
6814.14
6814.14
6814.14
6814.14
6814.14
6814.14
6814.14
6814.14
6814.14
6814.14
6814.14
6814.14
6814.14
6814.14
6814.14
6814.14
6814.14
6814.14
6814.14
6814.14
6814.14
6814.14
6814.14
6814.14
6814.14
6814.14
6814.14
6814.14
6814.14
6814.14
6814.14
6814.14
6814.14
6814.14
6814.14
6814.14
6814.14
6814.14
6814.14
6814.14
