Num_site=50, instance_num=0, lan_init=0
17257.5
13474
11721.6
11636.3
9969.09
9909.02
9505.13
8962.33
8962.33
8962.33
8880.39
8314.48
8314.48
8314.48
6956.72
6956.72
6956.72
6956.72
6956.72
6956.72
6956.72
6956.72
6956.72
6956.72
6956.72
6956.72
6956.72
6956.72
6956.72
6956.72
6956.72
6956.72
6956.72
6925.07
6857.8
6857.8
6857.8
6857.8
6857.8
6857.8
6857.8
6857.8
6857.8
6857.8
6857.8
6857.8
6857.8
6814.14
6814.14
6814.14
6814.14
6814.14
6814.14
6814.14
6814.14
6814.14
6814.14
6814.14
6814.14
6814.14
6814.14
6814.14
6814.14
6814.14
6814.14
6814.14
6814.14
6814.14
6814.14
6814.14
6814.14
6814.14
6814.14
6814.14
6814.14
6814.14
6814.14
6814.14
6814.14
6814.14
6814.14
6814.14
6814.14
6814.14
6814.14
6814.14
6814.14
6814.14
6814.14
6814.14
6814.14
6814.14
6814.14
6814.14
6814.14
6814.14
6814.14
6814.14
6814.14
6814.14
