Num_site=50, instance_num=0, lan_init=0
18603.7
15943.7
14352.7
13775.1
12736.9
11775.7
11211.9
9677.28
9370.91
8269.11
8190.19
7496.9
7496.9
7496.9
7496.9
7496.9
7473.26
7327.49
7327.49
7327.49
7327.49
7327.49
7241.28
7190.92
7190.92
7190.92
7190.92
7098.23
7098.23
7098.23
7098.23
7098.23
7098.23
7098.23
7098.23
7098.23
7098.23
6857.8
6857.8
6857.8
6857.8
6857.8
6814.14
6814.14
6814.14
6814.14
6814.14
6814.14
6814.14
6814.14
6814.14
6814.14
6814.14
6814.14
6814.14
6814.14
6814.14
6814.14
6814.14
6814.14
6814.14
6814.14
6814.14
6814.14
6814.14
6814.14
6814.14
6814.14
6814.14
6814.14
6814.14
6814.14
6814.14
6814.14
6814.14
6814.14
6814.14
6814.14
6814.14
6814.14
6814.14
6814.14
6814.14
6814.14
6814.14
6814.14
6814.14
6814.14
6814.14
6814.14
6814.14
6814.14
6814.14
6814.14
6814.14
6814.14
6814.14
6814.14
6814.14
6814.14
