Num_site=50, instance_num=0, lan_init=0
19259.5
15451.3
14616.4
13637.2
11485.3
11241.7
10625.5
9713.94
9245.38
9123.9
8649.09
8332.32
7747.43
7747.43
7747.43
7747.43
7539.96
7539.96
7539.96
7429.56
7167.44
7167.44
7167.44
7167.44
7065.58
7065.58
7065.58
7065.58
7065.58
7065.58
6975.91
6975.91
6975.91
6953.89
6953.89
6953.89
6953.89
6953.89
6953.89
6953.89
6814.14
6814.14
6814.14
6814.14
6814.14
6814.14
6814.14
6814.14
6814.14
6814.14
6814.14
6814.14
6814.14
6814.14
6814.14
6814.14
6814.14
6814.14
6814.14
6814.14
6814.14
6814.14
6814.14
6814.14
6814.14
6814.14
6814.14
6814.14
6814.14
6814.14
6814.14
6814.14
6814.14
6814.14
6814.14
6814.14
6814.14
6814.14
6814.14
6814.14
6814.14
6814.14
6814.14
6814.14
6814.14
6814.14
6814.14
6814.14
6814.14
6814.14
6814.14
6814.14
6814.14
6814.14
6814.14
6814.14
6814.14
6814.14
6814.14
6814.14
