Num_site=50, instance_num=0, lan_init=0
17584.6
13135.4
12085.7
11950.2
10224.9
10224.9
9797.21
9797.21
8795.11
8531.93
8400.42
8400.42
7868.79
7748.5
7748.5
7748.5
7748.5
7743.77
7743.77
7743.77
7402.23
7402.23
7402.23
7295.9
7295.9
7295.9
7185.26
7185.26
7185.26
7185.26
7177.06
6814.14
6814.14
6814.14
6814.14
6814.14
6814.14
6814.14
6814.14
6814.14
6814.14
6814.14
6814.14
6814.14
6814.14
6814.14
6814.14
6814.14
6814.14
6814.14
6814.14
6814.14
6814.14
6814.14
6814.14
6814.14
6814.14
6814.14
6814.14
6814.14
6814.14
6814.14
6814.14
6814.14
6814.14
6814.14
6814.14
6814.14
6814.14
6814.14
6814.14
6814.14
6814.14
6814.14
6814.14
6814.14
6814.14
6814.14
6814.14
6814.14
6814.14
6814.14
6814.14
6814.14
6814.14
6814.14
6814.14
6814.14
6814.14
6814.14
6814.14
6814.14
6814.14
6814.14
6814.14
6814.14
6814.14
6814.14
6814.14
6814.14
