Num_site=50, instance_num=0, lan_init=0
18403.2
16047.4
13661.8
11702.7
10650.7
9782.79
8950.06
8950.06
8451.24
8451.24
7992.58
7840.45
7840.45
7518.21
7518.21
7518.21
7518.21
7518.21
7518.21
7480.93
7413.99
7413.99
7413.99
7413.99
7095.35
7095.35
7095.35
7095.35
7095.35
7095.35
7095.35
6953.89
6953.89
6953.89
6953.89
6857.8
6857.8
6857.8
6857.8
6857.8
6857.8
6857.8
6857.8
6857.8
6814.14
6814.14
6814.14
6814.14
6814.14
6814.14
6814.14
6814.14
6814.14
6814.14
6814.14
6814.14
6814.14
6814.14
6814.14
6814.14
6814.14
6814.14
6814.14
6814.14
6814.14
6814.14
6814.14
6814.14
6814.14
6814.14
6814.14
6814.14
6814.14
6814.14
6814.14
6814.14
6814.14
6814.14
6814.14
6814.14
6814.14
6814.14
6814.14
6814.14
6814.14
6814.14
6814.14
6814.14
6814.14
6814.14
6814.14
6814.14
6814.14
6814.14
6814.14
6814.14
6814.14
6814.14
6814.14
6814.14
