Num_site=50, instance_num=0, lan_init=0
18467.7
14420.9
13358.5
12566.9
11298.4
10845.8
9737.52
8894.94
8623.5
8623.5
8623.5
8623.5
8305.97
7878.25
7878.25
7878.25
7861.39
7696.69
7573.5
7573.5
7573.5
7456.55
7259.93
7218.55
7218.55
7218.55
7022.71
7022.71
7022.71
7022.71
7022.71
7022.71
7022.71
7022.71
7022.71
6974.73
6974.73
6974.73
6974.73
6974.73
6974.73
6974.73
6974.73
6814.14
6814.14
6814.14
6814.14
6814.14
6814.14
6814.14
6814.14
6814.14
6814.14
6814.14
6814.14
6814.14
6814.14
6814.14
6814.14
6814.14
6814.14
6814.14
6814.14
6814.14
6814.14
6814.14
6814.14
6814.14
6814.14
6814.14
6814.14
6814.14
6814.14
6814.14
6814.14
6814.14
6814.14
6814.14
6814.14
6814.14
6814.14
6814.14
6814.14
6814.14
6814.14
6814.14
6814.14
6814.14
6814.14
6814.14
6814.14
6814.14
6814.14
6814.14
6814.14
6814.14
6814.14
6814.14
6814.14
6814.14
