Num_site=50, instance_num=0, lan_init=0
18894.3
15804.4
13524.7
11571.9
10673
10342.8
9302.56
9026.8
9026.8
9026.8
8468.39
8468.39
8026.15
8026.15
8026.15
8026.15
8026.15
7816.65
7816.65
7816.65
7787.88
7376.57
7376.57
7376.57
7009.97
7009.97
7009.97
7009.97
7009.97
7009.97
7009.97
7009.97
7009.97
6814.14
6814.14
6814.14
6814.14
6814.14
6814.14
6814.14
6814.14
6814.14
6814.14
6814.14
6814.14
6814.14
6814.14
6814.14
6814.14
6814.14
6814.14
6814.14
6814.14
6814.14
6814.14
6814.14
6814.14
6814.14
6814.14
6814.14
6814.14
6814.14
6814.14
6814.14
6814.14
6814.14
6814.14
6814.14
6814.14
6814.14
6814.14
6814.14
6814.14
6814.14
6814.14
6814.14
6814.14
6814.14
6814.14
6814.14
6814.14
6814.14
6814.14
6814.14
6814.14
6814.14
6814.14
6814.14
6814.14
6814.14
6814.14
6814.14
6814.14
6814.14
6814.14
6814.14
6814.14
6814.14
6814.14
6814.14
