Num_site=50, instance_num=0, lan_init=0
18435
13089.7
13089.7
12428.2
10900.9
10571.4
10366.6
8677.13
8677.13
8677.13
8677.13
8677.13
8677.13
8354.25
8286.07
7699.24
7699.24
7449.55
7449.55
7449.55
7449.55
7449.55
7449.55
7449.55
7449.55
7449.55
7449.55
7393.13
7393.13
7393.13
7342.05
7342.05
7342.05
7245.29
7143.1
6914.27
6914.27
6914.27
6914.27
6914.27
6814.14
6814.14
6814.14
6814.14
6814.14
6814.14
6814.14
6814.14
6814.14
6814.14
6814.14
6814.14
6814.14
6814.14
6814.14
6814.14
6814.14
6814.14
6814.14
6814.14
6814.14
6814.14
6814.14
6814.14
6814.14
6814.14
6814.14
6814.14
6814.14
6814.14
6814.14
6814.14
6814.14
6814.14
6814.14
6814.14
6814.14
6814.14
6814.14
6814.14
6814.14
6814.14
6814.14
6814.14
6814.14
6814.14
6814.14
6814.14
6814.14
6814.14
6814.14
6814.14
6814.14
6814.14
6814.14
6814.14
6814.14
6814.14
6814.14
6814.14
