Num_site=50, instance_num=0, lan_init=0
19123.6
13149.6
10830.8
10408.7
9738.6
9207.33
7873.3
7873.3
7873.3
7873.3
7767.14
7767.14
7767.14
7767.14
7749.56
7266.07
7266.07
7266.07
7266.07
7266.07
6975.91
6975.91
6975.91
6914.27
6914.27
6914.27
6914.27
6914.27
6914.27
6814.14
6814.14
6814.14
6814.14
6814.14
6814.14
6814.14
6814.14
6814.14
6814.14
6814.14
6814.14
6814.14
6814.14
6814.14
6814.14
6814.14
6814.14
6814.14
6814.14
6814.14
6814.14
6814.14
6814.14
6814.14
6814.14
6814.14
6814.14
6814.14
6814.14
6814.14
6814.14
6814.14
6814.14
6814.14
6814.14
6814.14
6814.14
6814.14
6814.14
6814.14
6814.14
6814.14
6814.14
6814.14
6814.14
6814.14
6814.14
6814.14
6814.14
6814.14
6814.14
6814.14
6814.14
6814.14
6814.14
6814.14
6814.14
6814.14
6814.14
6814.14
6814.14
6814.14
6814.14
6814.14
6814.14
6814.14
6814.14
6814.14
6814.14
6814.14
