Num_site=50, instance_num=0, lan_init=0
17541.6
13349.7
11816.4
10234.7
8746.15
8746.15
8641
8514.71
8171.23
7759.57
7730.38
7730.38
7572.88
7520.81
7465.32
7314.79
7157.2
7157.2
7157.2
7157.2
7157.2
7157.2
7157.2
7157.2
7157.2
7157.2
7157.2
6985.9
6985.9
6985.9
6985.9
6985.9
6985.9
6985.9
6967.07
6967.07
6914.27
6914.27
6914.27
6857.8
6857.8
6857.8
6857.8
6857.8
6857.8
6857.8
6857.8
6857.8
6857.8
6857.8
6857.8
6857.8
6814.14
6814.14
6814.14
6814.14
6814.14
6814.14
6814.14
6814.14
6814.14
6814.14
6814.14
6814.14
6814.14
6814.14
6814.14
6814.14
6814.14
6814.14
6814.14
6814.14
6814.14
6814.14
6814.14
6814.14
6814.14
6814.14
6814.14
6814.14
6814.14
6814.14
6814.14
6814.14
6814.14
6814.14
6814.14
6814.14
6814.14
6814.14
6814.14
6814.14
6814.14
6814.14
6814.14
6814.14
6814.14
6814.14
6814.14
6814.14
