Num_site=50, instance_num=0, lan_init=0
19988.2
16818
14068.8
12974.6
11618.7
10753.2
10741
9790.37
9790.37
9455.7
8742.22
8742.22
8742.22
8014.93
8014.93
8014.93
8014.93
7643.28
7643.28
7643.28
7643.28
7569.72
7259.42
7259.42
7259.42
7259.42
6967.07
6967.07
6967.07
6967.07
6967.07
6967.07
6967.07
6925.07
6814.14
6814.14
6814.14
6814.14
6814.14
6814.14
6814.14
6814.14
6814.14
6814.14
6814.14
6814.14
6814.14
6814.14
6814.14
6814.14
6814.14
6814.14
6814.14
6814.14
6814.14
6814.14
6814.14
6814.14
6814.14
6814.14
6814.14
6814.14
6814.14
6814.14
6814.14
6814.14
6814.14
6814.14
6814.14
6814.14
6814.14
6814.14
6814.14
6814.14
6814.14
6814.14
6814.14
6814.14
6814.14
6814.14
6814.14
6814.14
6814.14
6814.14
6814.14
6814.14
6814.14
6814.14
6814.14
6814.14
6814.14
6814.14
6814.14
6814.14
6814.14
6814.14
6814.14
6814.14
6814.14
6814.14
