Num_site=50, instance_num=0, lan_init=0
17851.2
12506.4
11215.9
10156.3
9172.49
9172.49
9172.49
9172.49
9172.49
9172.49
7413.75
7267.97
6925.07
6925.07
6925.07
6925.07
6925.07
6925.07
6925.07
6925.07
6925.07
6925.07
6925.07
6925.07
6925.07
6925.07
6925.07
6925.07
6925.07
6925.07
6925.07
6925.07
6814.14
6814.14
6814.14
6814.14
6814.14
6814.14
6814.14
6814.14
6814.14
6814.14
6814.14
6814.14
6814.14
6814.14
6814.14
6814.14
6814.14
6814.14
6814.14
6814.14
6814.14
6814.14
6814.14
6814.14
6814.14
6814.14
6814.14
6814.14
6814.14
6814.14
6814.14
6814.14
6814.14
6814.14
6814.14
6814.14
6814.14
6814.14
6814.14
6814.14
6814.14
6814.14
6814.14
6814.14
6814.14
6814.14
6814.14
6814.14
6814.14
6814.14
6814.14
6814.14
6814.14
6814.14
6814.14
6814.14
6814.14
6814.14
6814.14
6814.14
6814.14
6814.14
6814.14
6814.14
6814.14
6814.14
6814.14
6814.14
