Num_site=50, instance_num=0, lan_init=0
20142.2
18233.6
16822.7
14566.2
13054.2
11758.5
10996.2
9966.62
9331.92
8546.1
8526.06
8239.65
8120.53
7591.3
7591.3
7591.3
7591.3
7575.23
7524.66
7133.15
7133.15
7133.15
7133.15
7133.15
7133.15
7014.78
7014.78
7014.78
7014.78
7014.78
7014.78
7014.78
7014.78
7014.78
7014.78
7014.78
7014.78
7014.78
7014.78
6857.8
6857.8
6857.8
6857.8
6857.8
6857.8
6857.8
6857.8
6857.8
6857.8
6857.8
6857.8
6814.14
6814.14
6814.14
6814.14
6814.14
6814.14
6814.14
6814.14
6814.14
6814.14
6814.14
6814.14
6814.14
6814.14
6814.14
6814.14
6814.14
6814.14
6814.14
6814.14
6814.14
6814.14
6814.14
6814.14
6814.14
6814.14
6814.14
6814.14
6814.14
6814.14
6814.14
6814.14
6814.14
6814.14
6814.14
6814.14
6814.14
6814.14
6814.14
6814.14
6814.14
6814.14
6814.14
6814.14
6814.14
6814.14
6814.14
6814.14
6814.14
