Num_site=50, instance_num=0, lan_init=0
16506.1
11276
10246.6
9113.26
9019.11
8857.27
7647.02
7647.02
7647.02
7647.02
7647.02
7421.32
7421.32
7421.32
7421.32
7421.32
7371.1
7291.75
7291.75
7291.75
7291.75
7291.75
7291.75
7291.75
6925.07
6925.07
6925.07
6925.07
6925.07
6925.07
6814.14
6814.14
6814.14
6814.14
6814.14
6814.14
6814.14
6814.14
6814.14
6814.14
6814.14
6814.14
6814.14
6814.14
6814.14
6814.14
6814.14
6814.14
6814.14
6814.14
6814.14
6814.14
6814.14
6814.14
6814.14
6814.14
6814.14
6814.14
6814.14
6814.14
6814.14
6814.14
6814.14
6814.14
6814.14
6814.14
6814.14
6814.14
6814.14
6814.14
6814.14
6814.14
6814.14
6814.14
6814.14
6814.14
6814.14
6814.14
6814.14
6814.14
6814.14
6814.14
6814.14
6814.14
6814.14
6814.14
6814.14
6814.14
6814.14
6814.14
6814.14
6814.14
6814.14
6814.14
6814.14
6814.14
6814.14
6814.14
6814.14
6814.14
