Num_site=50, instance_num=0, lan_init=0
19474.9
16123.8
14847.8
12071.3
11980.5
11129.7
9968.78
9392.9
8866.42
8625.74
8401.62
8265.15
8097.12
7596.95
7596.95
7596.95
7596.95
7452.01
7452.01
7348.56
7255.23
7255.23
7255.23
7056.34
7056.34
7056.34
7056.34
7009.97
7009.97
7009.97
6956.72
6953.89
6953.89
6953.89
6953.89
6953.89
6953.89
6953.89
6953.89
6953.89
6953.89
6953.89
6953.89
6953.89
6857.8
6857.8
6814.14
6814.14
6814.14
6814.14
6814.14
6814.14
6814.14
6814.14
6814.14
6814.14
6814.14
6814.14
6814.14
6814.14
6814.14
6814.14
6814.14
6814.14
6814.14
6814.14
6814.14
6814.14
6814.14
6814.14
6814.14
6814.14
6814.14
6814.14
6814.14
6814.14
6814.14
6814.14
6814.14
6814.14
6814.14
6814.14
6814.14
6814.14
6814.14
6814.14
6814.14
6814.14
6814.14
6814.14
6814.14
6814.14
6814.14
6814.14
6814.14
6814.14
6814.14
6814.14
6814.14
6814.14
