Num_site=50, instance_num=0, lan_init=0
19254.2
12968.4
11843.3
10318.1
10318.1
10215.6
8770.52
8046.2
7905.39
7905.39
7905.39
7905.39
7905.39
7905.39
7905.39
7905.39
7905.39
7636.94
7486.01
7486.01
7151.67
7151.67
7151.67
7151.67
7151.67
7151.67
7151.67
7151.67
7121.96
7121.96
7121.96
7095.35
7095.35
7095.35
7095.35
7095.35
7065.58
7065.58
6953.89
6953.89
6953.89
6953.89
6953.89
6953.89
6953.89
6814.14
6814.14
6814.14
6814.14
6814.14
6814.14
6814.14
6814.14
6814.14
6814.14
6814.14
6814.14
6814.14
6814.14
6814.14
6814.14
6814.14
6814.14
6814.14
6814.14
6814.14
6814.14
6814.14
6814.14
6814.14
6814.14
6814.14
6814.14
6814.14
6814.14
6814.14
6814.14
6814.14
6814.14
6814.14
6814.14
6814.14
6814.14
6814.14
6814.14
6814.14
6814.14
6814.14
6814.14
6814.14
6814.14
6814.14
6814.14
6814.14
6814.14
6814.14
6814.14
6814.14
6814.14
6814.14
