Num_site=50, instance_num=0, lan_init=0
16706.3
14701.3
12700.6
12678.3
11893.4
10223.7
9011.69
9011.69
9011.69
8776.36
8758.16
7988.46
7947.88
7787.41
7787.41
7734.14
7734.14
7734.14
7511.37
7404.43
7322.36
7322.36
7322.36
7198.42
7198.42
7198.42
7022.71
7022.71
6992.48
6992.48
6992.48
6992.48
6992.48
6992.48
6992.48
6992.48
6992.48
6857.8
6857.8
6857.8
6857.8
6857.8
6857.8
6857.8
6857.8
6857.8
6857.8
6857.8
6814.14
6814.14
6814.14
6814.14
6814.14
6814.14
6814.14
6814.14
6814.14
6814.14
6814.14
6814.14
6814.14
6814.14
6814.14
6814.14
6814.14
6814.14
6814.14
6814.14
6814.14
6814.14
6814.14
6814.14
6814.14
6814.14
6814.14
6814.14
6814.14
6814.14
6814.14
6814.14
6814.14
6814.14
6814.14
6814.14
6814.14
6814.14
6814.14
6814.14
6814.14
6814.14
6814.14
6814.14
6814.14
6814.14
6814.14
6814.14
6814.14
6814.14
6814.14
6814.14
