Num_site=50, instance_num=0, lan_init=0
17267
14372.8
12825.1
12179.3
10571.5
10571.5
9526.61
8981.85
8981.85
8033.63
8033.63
8033.63
7758.09
7648.51
7648.51
7648.51
7610.98
7610.98
7610.98
7610.98
7610.98
7364.65
7364.65
7364.65
7248.31
6985.9
6985.9
6985.9
6985.9
6985.9
6985.9
6985.9
6925.07
6925.07
6925.07
6925.07
6857.8
6857.8
6857.8
6857.8
6857.8
6857.8
6857.8
6814.14
6814.14
6814.14
6814.14
6814.14
6814.14
6814.14
6814.14
6814.14
6814.14
6814.14
6814.14
6814.14
6814.14
6814.14
6814.14
6814.14
6814.14
6814.14
6814.14
6814.14
6814.14
6814.14
6814.14
6814.14
6814.14
6814.14
6814.14
6814.14
6814.14
6814.14
6814.14
6814.14
6814.14
6814.14
6814.14
6814.14
6814.14
6814.14
6814.14
6814.14
6814.14
6814.14
6814.14
6814.14
6814.14
6814.14
6814.14
6814.14
6814.14
6814.14
6814.14
6814.14
6814.14
6814.14
6814.14
6814.14
