Num_site=50, instance_num=0, lan_init=0
18010.3
14393.8
13093.8
11290.2
11290.2
9886.1
9793.94
9793.94
9793.94
8672.9
8672.9
8434.93
7491.69
7491.69
7491.69
7491.69
7206.09
7206.09
7206.09
7206.09
6925.07
6914.27
6914.27
6914.27
6914.27
6914.27
6914.27
6914.27
6914.27
6914.27
6914.27
6914.27
6914.27
6914.27
6914.27
6914.27
6914.27
6914.27
6914.27
6914.27
6914.27
6914.27
6914.27
6914.27
6914.27
6814.14
6814.14
6814.14
6814.14
6814.14
6814.14
6814.14
6814.14
6814.14
6814.14
6814.14
6814.14
6814.14
6814.14
6814.14
6814.14
6814.14
6814.14
6814.14
6814.14
6814.14
6814.14
6814.14
6814.14
6814.14
6814.14
6814.14
6814.14
6814.14
6814.14
6814.14
6814.14
6814.14
6814.14
6814.14
6814.14
6814.14
6814.14
6814.14
6814.14
6814.14
6814.14
6814.14
6814.14
6814.14
6814.14
6814.14
6814.14
6814.14
6814.14
6814.14
6814.14
6814.14
6814.14
6814.14
