Num_site=50, instance_num=0, lan_init=0
20581
14697.7
12762.7
10929.6
10234.9
8231.01
8231.01
8231.01
8231.01
8231.01
8231.01
8058.26
7946.9
7750.63
7750.63
7450.47
7450.47
7450.47
7193.23
7193.23
7193.23
7014.78
7014.78
7014.78
6974.73
6974.73
6974.73
6974.73
6974.73
6974.73
6974.73
6974.73
6974.73
6974.73
6974.73
6974.73
6974.73
6956.72
6956.72
6956.72
6914.27
6914.27
6914.27
6914.27
6914.27
6857.8
6857.8
6857.8
6857.8
6814.14
6814.14
6814.14
6814.14
6814.14
6814.14
6814.14
6814.14
6814.14
6814.14
6814.14
6814.14
6814.14
6814.14
6814.14
6814.14
6814.14
6814.14
6814.14
6814.14
6814.14
6814.14
6814.14
6814.14
6814.14
6814.14
6814.14
6814.14
6814.14
6814.14
6814.14
6814.14
6814.14
6814.14
6814.14
6814.14
6814.14
6814.14
6814.14
6814.14
6814.14
6814.14
6814.14
6814.14
6814.14
6814.14
6814.14
6814.14
6814.14
6814.14
6814.14
