Num_site=50, instance_num=0, lan_init=0
18448.7
15686.7
12911.6
11415.3
10360.9
9907.64
9566.81
9566.81
9247.28
9247.28
9247.28
8546.96
8222.68
8222.68
8222.41
8159.24
7376.57
7376.57
7376.57
7376.57
7376.57
7376.57
7376.57
7346.52
7271.15
7255.23
7196.14
7196.14
7196.14
7196.14
7195.21
7195.21
7195.21
7195.21
7135.76
7135.76
7126.86
7047.47
7047.47
6985.9
6950.86
6814.14
6814.14
6814.14
6814.14
6814.14
6814.14
6814.14
6814.14
6814.14
6814.14
6814.14
6814.14
6814.14
6814.14
6814.14
6814.14
6814.14
6814.14
6814.14
6814.14
6814.14
6814.14
6814.14
6814.14
6814.14
6814.14
6814.14
6814.14
6814.14
6814.14
6814.14
6814.14
6814.14
6814.14
6814.14
6814.14
6814.14
6814.14
6814.14
6814.14
6814.14
6814.14
6814.14
6814.14
6814.14
6814.14
6814.14
6814.14
6814.14
6814.14
6814.14
6814.14
6814.14
6814.14
6814.14
6814.14
6814.14
6814.14
6814.14
