siteNum=50
demandLowerBound=0
demandUpperBound=1000
fixedCostLowerBound=500
fixedCostUpperBound=1500
coordinateLowerBound=0
coordinateUpperBound=1
facilityFailProbility=0.05
Coordinate: index, x, y
0,0.8256427618198103,0.8564036160699573
1,0.17413103692449527,0.6230163583868732
2,0.716380818440127,0.724229887207193
3,0.5838280759416498,0.5996706748401308
4,0.9613596306828716,0.6736565069074228
5,0.6699252670716774,0.17580211529572876
6,0.8996088528737335,0.6394731133983342
7,0.26819124469233313,0.980276294611187
8,0.8015225972422968,0.561379446527527
9,0.5603042426203456,0.6102746420660782
10,0.9430205605784324,0.2894913062061184
11,0.688911971091965,0.8831921465773672
12,0.18505357123891664,0.7345707917673887
13,0.2679815261498738,0.8858293052258468
14,0.7122808162249662,0.4526273593607406
15,0.7113940287204495,0.9170041307236562
16,0.5422519523216422,0.29337995298846176
17,0.9642367487453822,0.5953659129893204
18,0.7688001049049982,0.4212980683092751
19,0.5392689837103191,0.46493436656858456
20,0.6056883789498472,0.45261896585425665
21,0.6373415857748888,0.9841733916186233
22,0.3655047415542271,0.2395751874598645
23,0.3506854236725623,0.7481679795752277
24,0.380962134513276,0.405388393866278
25,0.5341429187513482,0.8396765567330876
26,0.8459391213088442,0.4468424378026157
27,0.3566997661174207,0.18486564746700318
28,0.37652474138691205,0.8518779302980899
29,0.4276052974339192,0.7755482115049178
30,0.9334151664981493,0.1769469567374239
31,0.048462761096919826,0.3652384939791333
32,0.036121897795802216,0.13068101500962936
33,0.31361650468441427,0.7493559683925919
34,0.7246634276691155,0.17589485244410086
35,0.4395059365959052,0.09211313151659961
36,0.42550679321032203,0.30377812068014254
37,0.2533732212332753,0.44326670918400624
38,0.724205721550763,0.3341703716557034
39,0.3094594737511198,0.9610017378845216
40,0.9221956144190164,0.48979800550342023
41,0.12529434669486283,0.15131597806973163
42,0.45372631065252267,0.297279592096959
43,0.5670907531301586,0.9038577100758275
44,0.17615081859679438,0.07167659238448398
45,0.9790663016659159,0.0049552203591527455
46,0.7329214369202429,0.3283638057587803
47,0.26097947271321753,0.08812910596525791
48,0.9292623002275685,0.04206746814868323
49,0.7059049123412359,0.8957677402427547
Demand:index, demand
0,923
1,129
2,844
3,313
4,155
5,419
6,417
7,117
8,881
9,83
10,981
11,808
12,814
13,667
14,462
15,514
16,744
17,890
18,887
19,167
20,714
21,455
22,549
23,956
24,589
25,752
26,53
27,229
28,35
29,294
30,276
31,53
32,322
33,569
34,996
35,80
36,398
37,844
38,750
39,234
40,855
41,218
42,845
43,89
44,802
45,427
46,384
47,238
48,300
49,149
Fixcost:index, fixedCost
0,1078
1,1334
2,1376
3,676
4,828
5,762
6,1456
7,1125
8,1219
9,1252
10,1100
11,693
12,507
13,1406
14,1469
15,1114
16,1479
17,529
18,616
19,736
20,1452
21,1103
22,1236
23,818
24,618
25,720
26,701
27,749
28,1356
29,1305
30,717
31,1130
32,542
33,824
34,841
35,1407
36,668
37,1298
38,1083
39,1207
40,1266
41,521
42,1009
43,1222
44,1314
45,1205
46,607
47,1358
48,738
49,1278
TransCost:start_index, end_index, transCost
0,1,0.6920528446042968
0,2,0.17148780385961174
0,3,0.35268420069358225
0,4,0.2276303459586543
0,5,0.6981878980810016
0,6,0.22919386033478364
0,7,0.5710487145915879
0,8,0.29600851837987197
0,9,0.36191711981497493
0,10,0.5789361922669655
0,11,0.13933030718335573
0,12,0.6520718888026267
0,13,0.558437037589037
0,14,0.41938788274240313
0,15,0.1293259269872138
0,16,0.6303221367663779
0,17,0.29554860114969306
0,18,0.4388028319613017
0,19,0.4850341370397265
0,20,0.45980645307946916
0,21,0.2275575717124285
0,22,0.7695481193762522
0,23,0.4871338892618112
0,24,0.6333684480309759
0,25,0.291979370886022
0,26,0.4100637766887503
0,27,0.8190670158745947
0,28,0.4491408221362994
0,29,0.40616673854726926
0,30,0.6879507563201585
0,31,0.9193758375561792
0,32,1.0723882172137962
0,33,0.5230966324393038
0,34,0.687960030304893
0,35,0.856295271838402
0,36,0.6822783387517821
0,37,0.7058147993024905
0,38,0.5319934536345181
0,39,0.5266744288158854
0,40,0.3791070126546164
0,41,0.9937990137994519
0,42,0.6715217947562294
0,43,0.26287075195877485
0,44,1.0186443373493375
0,45,0.8651607672204122
0,46,0.5361187231990643
0,47,0.9534622975982278
0,48,0.8209021686846101
0,49,0.12604240107854647
1,0,0.6920528446042968
1,2,0.5516149055002159
1,3,0.41036165113188694
1,4,0.7888556797494546
1,5,0.6676919183806422
1,6,0.7256644446436549
1,7,0.36943468261159457
1,8,0.6304119913687892
1,9,0.3863833538497863
1,10,0.8381110069775682
1,11,0.5767935947484834
1,12,0.11208788231873054
1,13,0.27906730255267825
1,14,0.5644799340545888
1,15,0.6124380235069372
1,16,0.4941388146227933
1,17,0.7905893896218653
1,18,0.6279502917943665
1,19,0.39788897486636216
1,20,0.46397953708962336
1,21,0.5873656571668471
1,22,0.42854524426900753
1,23,0.2164125222025274
1,24,0.30023496443811665
1,25,0.4201787674358771
1,26,0.6945238315120632
1,27,0.47466555210875294
1,28,0.30551731653654773
1,29,0.29582962487963244
1,30,0.880619271030517
1,31,0.2867785607887917
1,32,0.5113126370640878
1,33,0.18819642072207562
1,34,0.7092274348440842
1,35,0.5935335489059401
1,36,0.40632846720648363
1,37,0.19644149297584865
1,38,0.6213003804259185
1,39,0.3640712877557184
1,40,0.7598340224332132
1,41,0.4742217530901773
1,42,0.42927608599135914
1,43,0.48300021053713255
1,44,0.5513434656306112
1,45,1.014849915388705
1,46,0.6317173718504651
1,47,0.5418920774490918
1,48,0.9527459461402498
1,49,0.5976426782618792
2,0,0.17148780385961174
2,1,0.5516149055002159
2,3,0.1818934493855414
2,4,0.25014452870852694
2,5,0.550391805223079
2,6,0.20188170622641596
2,7,0.5161721193175017
2,8,0.18376449201942957
2,9,0.19325034389309514
2,10,0.49026850452312903
2,11,0.16131812507808038
2,12,0.5314278670953746
2,13,0.47663014721098745
2,14,0.2716334720735779
2,15,0.19283873323337547
2,16,0.4647069268173159
2,17,0.279353693440248
2,18,0.30743368145713496
2,19,0.3140107785166073
2,20,0.2933007138731514
2,21,0.27169436097572025
2,22,0.5983345212487853
2,23,0.3664780402976768
2,24,0.4627802841555434
2,25,0.21572803616497913
2,26,0.30615216956506963
2,27,0.6482933306077445
2,28,0.36303743059764
2,29,0.29329996921434076
2,30,0.5887465619607037
2,31,0.7582805231159159
2,32,0.90280256025511
2,33,0.40354728643722226
2,34,0.5483975856659852
2,35,0.6900951333121058
2,36,0.511260585737945
2,37,0.5415868743573381
2,38,0.39013799453648906
2,39,0.47079283133526684
2,40,0.31195839049944396
2,41,0.823172864204981
2,42,0.5012723261420529
2,43,0.2335672886959563
2,44,0.847156570720372
2,45,0.7657412810257296
2,46,0.3962114921364927
2,47,0.7823136133204383
2,48,0.7146076484783623
2,49,0.17185743985246255
3,0,0.35268420069358225
3,1,0.41036165113188694
3,2,0.1818934493855414
3,4,0.38471285158155777
3,5,0.43252431387232654
3,6,0.31827933202614644
3,7,0.49445651683683917
3,8,0.2210364738453946
3,9,0.02580338844139399
3,10,0.47458453593194533
3,11,0.3023690624981514
3,12,0.42097404569390967
3,13,0.42619925476189846
3,14,0.1952481577722684
3,15,0.34201402680496057
3,16,0.3090996285143071
3,17,0.3804330286908451
3,18,0.25696583091809944
3,19,0.14191330264328775
3,20,0.14866767625572289
3,21,0.38820875176213343
3,22,0.42111024491179727
3,23,0.2764180634847384
3,24,0.2808917850205368
3,25,0.24509475348983076
3,26,0.3034117172086114
3,27,0.4729169904514239
3,28,0.32647078310799843
3,29,0.23524128980251097
3,30,0.548549428702952
3,31,0.5844437250600268
3,32,0.7210640461200797
3,33,0.3089012469175068
3,34,0.44656527400104734
3,35,0.5276774959100973
3,36,0.3355861024729937
3,37,0.3655989763023073
3,38,0.30032697910407696
3,39,0.453694023532132
3,40,0.35575918057360983
3,41,0.6413073482917862
3,42,0.3291911849578219
3,43,0.30464715718414154
3,44,0.6670670860298864
3,45,0.7140726341711902
3,46,0.30957430044921064
3,47,0.6049016426606196
3,48,0.6559315051288508
3,49,0.3202752349548386
4,0,0.2276303459586543
4,1,0.7888556797494546
4,2,0.25014452870852694
4,3,0.38471285158155777
4,5,0.5768821227430365
4,6,0.07058089650770058
4,7,0.757956532756483
4,8,0.19533052896727174
4,9,0.40603286207491845
4,10,0.3846026818967453
4,11,0.3437046864802039
4,12,0.7786922678628589
4,13,0.7251141235640383
4,14,0.33300771744355817
4,15,0.34885651517700367
4,16,0.5659165163889637
4,17,0.0783434419999201
4,18,0.31743338277423594
4,19,0.4708773153692304
4,20,0.41875963733885163
4,21,0.44878550457511496
4,22,0.7372039343301434
4,23,0.6152031751111132
4,24,0.6393973991459397
4,25,0.4583413312125565
4,26,0.25449266380004
4,27,0.7775153092311516
4,28,0.611387539530544
4,29,0.5433926828066576
4,30,0.4974949952599061
4,31,0.963588275768476
4,32,1.0727941308376248
4,33,0.6521514898759321
4,34,0.551173073702982
4,35,0.7813603365241706
4,36,0.6511131115447452
4,37,0.7445295258486182
4,38,0.4141169069777146
4,39,0.7124191858540341
4,40,0.1879834266855489
4,41,0.9858218840928561
4,42,0.6319423783916361
4,43,0.4565528904156202
4,44,0.9894102769158369
4,45,0.6689356746568488
4,46,0.41401818539293417
4,47,0.9128935879562766
4,48,0.632404105380844
4,49,0.33851220524044134
5,0,0.6981878980810016
5,1,0.6676919183806422
5,2,0.550391805223079
5,3,0.43252431387232654
5,4,0.5768821227430365
5,6,0.5174411503430674
5,7,0.8992046095980423
5,8,0.40741592466160537
5,9,0.4480883233470512
5,10,0.29581458967637086
5,11,0.7076447917466725
5,12,0.739812810936407
5,13,0.8159028013840092
5,14,0.28004679661751186
5,15,0.7423611559524813
5,16,0.1735656164560257
5,17,0.5124968571416224
5,18,0.26465920823314426
5,19,0.31728303312328787
5,20,0.28417238878666395
5,21,0.8090276983334724
5,22,0.31102871425251516
5,23,0.6553752819613428
5,24,0.3690657817867136
5,25,0.6776179750487352
5,26,0.32317755693745176
5,27,0.3133566052654145
5,28,0.7369955061621499
5,29,0.646849555618156
5,30,0.26349238653459967
5,31,0.6496936107898151
5,32,0.6354074477030307
5,33,0.6752184509891604
5,34,0.05473823915481398
5,35,0.24514671905388918
5,36,0.27589535755221684
5,37,0.4950281970514199
5,38,0.16741228258689603
5,39,0.8639872889503651
5,40,0.40278250609735733
5,41,0.5451810803272125
5,42,0.2479894476116373
5,43,0.7352821814434182
5,44,0.5046338578496444
5,45,0.3532093441281892
5,46,0.16505631406442248
5,47,0.4182382326958316
5,48,0.2917887122793555
5,49,0.7208640898110301
6,0,0.22919386033478364
6,1,0.7256644446436549
6,2,0.20188170622641596
6,3,0.31827933202614644
6,4,0.07058089650770058
6,5,0.5174411503430674
6,7,0.7175200375225217
6,8,0.12537756716862933
6,9,0.34055861355623357
6,10,0.3526639217886734
6,11,0.3221678803454545
6,12,0.7208556158783787
6,13,0.6779708350040461
6,14,0.2645810445148307
6,15,0.3353330965005985
6,16,0.49747806992337956
6,17,0.07824455286291553
6,18,0.25438411673050876
6,19,0.40038555849781354
6,20,0.34828683214566963
6,21,0.43313092846925794
6,22,0.6672222664886788
6,23,0.5595815446020231
6,24,0.5690255480946995
6,25,0.416709452409037
6,26,0.19996754053273305
6,27,0.7081089072756251
6,28,0.5645642513763833
6,29,0.49122681998496603
6,30,0.46375997287000237
6,31,0.8942339157261584
6,32,1.0022370582714146
6,33,0.5962057312355538
6,34,0.49549036905814414
6,35,0.715050797729039
6,36,0.580916423518182
6,37,0.6753646753099085
6,38,0.35210228995772064
6,39,0.672054273137807
6,40,0.15136974506306608
6,41,0.9153471162631452
6,42,0.5620566230178989
6,43,0.42481466737554957
6,44,0.9196653829710482
6,45,0.63947356689346
6,46,0.35294999070295296
6,47,0.8436988205139135
6,48,0.5981411471518395
6,49,0.32126025637656785
7,0,0.5710487145915879
7,1,0.36943468261159457
7,2,0.5161721193175017
7,3,0.49445651683683917
7,4,0.757956532756483
7,5,0.8992046095980423
7,6,0.7175200375225217
7,8,0.6781717341110574
7,9,0.47141407111434686
7,10,0.9657010436905883
7,11,0.43177686531550824
7,12,0.25938979716822075
7,13,0.09444722222395757
7,14,0.6896585723493672
7,15,0.4476964088456415
7,16,0.7395511176389103
7,17,0.7953837725228962
7,18,0.7503771641001978
7,19,0.5822889689748296
7,20,0.6263597785801175
7,21,0.369170911213834
7,22,0.7470662934483692
7,23,0.24633221363527388
7,24,0.585844153349588
7,25,0.3008298177145724
7,26,0.7863487066973244
7,27,0.8003198460335621
7,28,0.16799490011412002
7,29,0.2594733670800621
7,30,1.0430057004788658
7,31,0.6531095640927743
7,32,0.8807203420440745
7,33,0.23534581217062386
7,34,0.924876401652886
7,35,0.9045344260669124
7,36,0.6945487464084529
7,37,0.537213987773872
7,38,0.7908236635196401
7,39,0.0455475056030287
7,40,0.8174904694904267
7,41,0.8411865012337094
7,42,0.70774837078312
7,43,0.3085137212617318
7,44,0.9132496147944995
7,45,1.2068945871563668
7,46,0.8006023012019946
7,47,0.8921763367540712
7,48,1.1477154449246638
7,49,0.4457969836238199
8,0,0.29600851837987197
8,1,0.6304119913687892
8,2,0.18376449201942957
8,3,0.2210364738453946
8,4,0.19533052896727174
8,5,0.40741592466160537
8,6,0.12537756716862933
8,7,0.6781717341110574
8,9,0.24612402311289028
8,10,0.3065042160814568
8,11,0.3409465750456194
8,12,0.640335304420699
8,13,0.6244467834426002
8,14,0.14068088691175323
8,15,0.36686792565362525
8,16,0.3728873769045657
8,17,0.16622567491794896
8,18,0.1438525426549337
8,19,0.2794255021626815
8,20,0.2240086677128714
8,21,0.4535527803157578
8,22,0.5419128635056651
8,23,0.4880001159328335
8,24,0.44855803562216195
8,25,0.3859289753551668
8,26,0.12284768609055932
8,27,0.5827778238513701
8,28,0.5147936931962845
8,29,0.43090881516618923
8,30,0.40642833197395034
8,31,0.7781840335562619
8,32,0.878259283825204
8,33,0.5228647319599863
8,34,0.3930721361571472
8,35,0.5926777682598695
8,36,0.4557919788238301
8,37,0.560730199955254
8,38,0.24000388115780552
8,39,0.6338959640582261
8,40,0.14030637823570444
8,41,0.7908455569844725
8,42,0.4367046943597968
8,43,0.4150296983793774
8,44,0.7942913488651892
8,45,0.5840630843047141
8,46,0.2429041128519683
8,47,0.7184377177723643
8,48,0.5347918871921247
8,49,0.3477905585832082
9,0,0.36191711981497493
9,1,0.3863833538497863
9,2,0.19325034389309514
9,3,0.02580338844139399
9,4,0.40603286207491845
9,5,0.4480883233470512
9,6,0.34055861355623357
9,7,0.47141407111434686
9,8,0.24612402311289028
9,10,0.49937333588893107
9,11,0.30170169388205176
9,12,0.395300644070793
9,13,0.4017249593363218
9,14,0.21897384471433406
9,15,0.34192265598511373
9,16,0.3174084579065716
9,17,0.40420754533672043
9,18,0.28139415420132885
9,19,0.146854614497125
9,20,0.16405801434913656
9,21,0.38175257321630157
9,22,0.41876596239540886
9,23,0.2509075961115482
9,24,0.2722902246531777
9,25,0.2308888332498314
9,26,0.3290856564996527
9,27,0.47162230178165443
9,28,0.30355733224241205
9,29,0.21195368080938146
9,30,0.5718257115496272
9,31,0.5674719517979567
9,32,0.7104767256841822
9,33,0.2831933180367943
9,34,0.4644348644771719
9,35,0.532055994941596
9,36,0.33482901605017323
9,37,0.3494256738352991
9,38,0.3210876250097836
9,39,0.43119901879560774
9,40,0.3814183856866034
9,41,0.6323580194877034
9,42,0.33064294471182853
9,43,0.29366149653455914
9,44,0.6615600594880524
9,45,0.7360524875249674
9,46,0.330560759007249
9,47,0.6018565267154359
9,48,0.6774875945465626
9,49,0.320477556358771
10,0,0.5789361922669655
10,1,0.8381110069775682
10,2,0.49026850452312903
10,3,0.47458453593194533
10,4,0.3846026818967453
10,5,0.29581458967637086
10,6,0.3526639217886734
10,7,0.9657010436905883
10,8,0.3065042160814568
10,9,0.49937333588893107
10,11,0.6457955273214031
10,12,0.8789821985659861
10,13,0.9007201047368124
10,14,0.282584857101669
10,15,0.6688969989426887
10,16,0.40078747352915406
10,17,0.30660952645851347
10,18,0.2184623301880148
10,19,0.4402222203079213
10,20,0.37470472922633313
10,21,0.758961682451764
10,22,0.5796689918685394
10,23,0.7491630030282118
10,24,0.573883097188746
10,25,0.6854813898885229
10,26,0.18488965483593978
10,27,0.5955825740264618
10,28,0.7982457191360541
10,29,0.7084519804976015
10,30,0.11295350456169644
10,31,0.8977590395360697
10,32,0.920698589738703
10,33,0.779503029566736
10,34,0.24613815591996963
10,35,0.5408189349570076
10,36,0.5177109352557177
10,37,0.7065835599749445
10,38,0.22332969499856747
10,39,0.9232149861190084
10,40,0.20138632566766362
10,41,0.8293181429210117
10,42,0.48935623058021455
10,43,0.720256411517381
10,44,0.7972028918187544
10,45,0.2868101804323858
10,46,0.21366495497252447
10,47,0.7111446978092476
10,48,0.24780606402377256
10,49,0.650995349528033
11,0,0.13933030718335573
11,1,0.5767935947484834
11,2,0.16131812507808038
11,3,0.3023690624981514
11,4,0.3437046864802039
11,5,0.7076447917466725
11,6,0.3221678803454545
11,7,0.43177686531550824
11,8,0.3409465750456194
11,9,0.30170169388205176
11,10,0.6457955273214031
11,12,0.5253204681030693
11,13,0.4209387058526266
11,14,0.4311984913166431
11,15,0.04060410308231663
11,16,0.6077726423687299
11,17,0.398306005392066
11,18,0.4687518036906733
11,19,0.4442213347086998
11,20,0.4385423927593022
11,21,0.11338746179288922
11,22,0.7203020381624199
11,23,0.3641822662539613
11,24,0.5684448328146198
11,25,0.16077022772238692
11,26,0.46374410427847473
11,27,0.7733206634338603
11,28,0.313952801267934
11,29,0.2826099687840366
11,30,0.7473714476322282
11,31,0.8236814777710674
11,32,0.9961967089522866
11,33,0.39844549150061664
11,34,0.7082002745944315
11,35,0.8294633072731813
11,36,0.6364769447052185
11,37,0.6190544346777674
11,38,0.5501550310226946
11,39,0.38734807374968383
11,40,0.45736222895561834
11,41,0.9237464763453498
11,42,0.6313523710053635
11,43,0.12356162292721332
11,44,0.9599382762475711
11,45,0.924926826361975
11,46,0.5565710384649891
11,47,0.9029127652857996
11,48,0.8747908352156817
11,49,0.02114014210780301
12,0,0.6520718888026267
12,1,0.11208788231873054
12,2,0.5314278670953746
12,3,0.42097404569390967
12,4,0.7786922678628589
12,5,0.739812810936407
12,6,0.7208556158783787
12,7,0.25938979716822075
12,8,0.640335304420699
12,9,0.395300644070793
12,10,0.8789821985659861
12,11,0.5253204681030693
12,13,0.17249980753431668
12,14,0.597880144287149
12,15,0.5570603202029397
12,16,0.5676619061294964
12,17,0.7915203234186025
12,18,0.6624951432501445
12,19,0.44516554249658186
12,20,0.5063896460175313
12,21,0.5165906560763438
12,22,0.5268617210919163
12,23,0.16618903109676827
12,24,0.3830681613657664
12,25,0.3645690529593536
12,26,0.7208032435876718
12,27,0.5758803364298672
12,28,0.22454882263798162
12,29,0.24598879813625887
12,30,0.9332681386678048
12,31,0.39378089796840016
12,32,0.6219835253663097
12,33,0.12941031374643178
12,34,0.7767223457165229
12,35,0.6910121934167911
12,36,0.49335593380328796
12,37,0.2992083606871603
12,38,0.6715694585160211
12,39,0.2583559597519975
12,40,0.7767188092991946
12,41,0.586308231751521
12,42,0.5132335084668723
12,43,0.4178641753701433
12,44,0.6629539792324268
12,45,1.0783297724358283
12,46,0.6820288217725183
12,47,0.6508852400057832
12,48,1.0165665180035481
12,49,0.5452252522818934
13,0,0.558437037589037
13,1,0.27906730255267825
13,2,0.47663014721098745
13,3,0.42619925476189846
13,4,0.7251141235640383
13,5,0.8159028013840092
13,6,0.6779708350040461
13,7,0.09444722222395757
13,8,0.6244467834426002
13,9,0.4017249593363218
13,10,0.9007201047368124
13,11,0.4209387058526266
13,12,0.17249980753431668
13,14,0.6205366911493192
13,15,0.4445070496411949
13,16,0.6528556514566911
13,17,0.7544138898648879
13,18,0.68308748992903
13,19,0.5007488732058325
13,20,0.5492878267051903
13,21,0.3822282210599114
13,22,0.65357108433
13,23,0.16059444338248177
13,24,0.49354643872099563
13,25,0.27013323213738827
13,26,0.7257716249427238
13,27,0.7065557130202801
13,28,0.1137291758234409
13,29,0.19401460767484893
13,30,0.9722736825120897
13,31,0.5649807792880084
13,32,0.7899416608060147
13,33,0.14390108732129517
13,34,0.844135822259515
13,35,0.812038168922192
13,36,0.602990705727313
13,37,0.4428036291493439
13,38,0.7158687697175625
13,39,0.08585636126132243
13,40,0.7647462740345062
13,41,0.7482442508638291
13,42,0.6171643944639318
13,43,0.2996520532987857
13,44,0.8193152742849665
13,45,1.1320692166826354
13,46,0.7259041973450936
13,47,0.797730929983734
13,48,1.0720197292366522
13,49,0.43803614538516583
14,0,0.41938788274240313
14,1,0.5644799340545888
14,2,0.2716334720735779
14,3,0.1952481577722684
14,4,0.33300771744355817
14,5,0.28004679661751186
14,6,0.2645810445148307
14,7,0.6896585723493672
14,8,0.14068088691175323
14,9,0.21897384471433406
14,10,0.282584857101669
14,11,0.4311984913166431
14,12,0.597880144287149
14,13,0.6205366911493192
14,15,0.4643776180798594
14,16,0.2329582602024508
14,17,0.289579154332993
14,18,0.06462162541041683
14,19,0.1734490029273453
14,20,0.10659243760558783
14,21,0.5368026384711124
14,22,0.4069949310688359
14,23,0.4670069443936469
14,24,0.33466937223498555
14,25,0.42607533571294554
14,26,0.1337834363265074
14,27,0.44512269943449256
14,28,0.5216638382947935
14,29,0.43048580435186634
14,30,0.3534120615673676
14,31,0.669545535499018
14,32,0.7488927370540731
14,33,0.49697193151533164
14,34,0.27700940318073114
14,35,0.45208035063991214
14,36,0.32310282594214074
14,37,0.45900305283602305
14,38,0.11905570672244381
14,39,0.6486212629045338
14,40,0.21318039177070938
14,41,0.6598042618132371
14,42,0.3016344826866663
14,43,0.47401369582316344
14,44,0.6576920717300625
14,45,0.5211380232531687
14,46,0.12596613027506062
14,47,0.5801136779837783
14,48,0.46437096019457114
14,49,0.4431862467615519
15,0,0.1293259269872138
15,1,0.6124380235069372
15,2,0.19283873323337547
15,3,0.34201402680496057
15,4,0.34885651517700367
15,5,0.7423611559524813
15,6,0.3353330965005985
15,7,0.4476964088456415
15,8,0.36686792565362525
15,9,0.34192265598511373
15,10,0.6688969989426887
15,11,0.04060410308231663
15,12,0.5570603202029397
15,13,0.4445070496411949
15,14,0.4643776180798594
15,16,0.6461549017568444
15,17,0.40912172293453997
15,18,0.49901899552750145
15,19,0.48372936936158994
15,20,0.4762638614719834
15,21,0.09997736701564856
15,22,0.7606243304995278
15,23,0.39826667408936905
15,24,0.6090450713284352
15,25,0.19338435739362506
15,26,0.4890341495539943
15,27,0.8135322849087544
15,28,0.3411434618765869
15,29,0.3170896105003076
15,30,0.7726435183113832
15,31,0.8625098164571976
15,32,1.0364827509947905
15,33,0.4316629066311136
15,34,0.7412280615981173
15,35,0.8685437785235358
15,36,0.6765926771858461
15,37,0.658946283590885
15,38,0.5829745536320249
15,39,0.4043354744692518
15,40,0.4763846995430459
15,41,0.964256804168409
15,42,0.6711565813656344
15,43,0.14490087550438446
15,44,1.00053182910792
15,45,0.9505165230551599
15,46,0.5890338372950702
15,47,0.9433488638523011
15,48,0.901654450023584
15,49,0.02193432650622928
16,0,0.6303221367663779
16,1,0.4941388146227933
16,2,0.4647069268173159
16,3,0.3090996285143071
16,4,0.5659165163889637
16,5,0.1735656164560257
16,6,0.49747806992337956
16,7,0.7395511176389103
16,8,0.3728873769045657
16,9,0.3174084579065716
16,10,0.40078747352915406
16,11,0.6077726423687299
16,12,0.5676619061294964
16,13,0.6528556514566911
16,14,0.2329582602024508
16,15,0.6461549017568444
16,17,0.5189091331345262
16,18,0.26016746465720963
16,19,0.17158034537952171
16,20,0.1714095780341006
16,21,0.6973074022586849
16,22,0.18475532281276338
16,23,0.49348747099125395
16,24,0.196367757426048
16,25,0.5463567842430045
16,26,0.34025965210820364
16,27,0.21495340962164464
16,28,0.5825680210096933
16,29,0.4956108200975204
16,30,0.40812412663415293
16,31,0.49899039598340317
16,32,0.5316376364722213
16,33,0.5100865559295825
16,34,0.21697164604703637
16,35,0.22597583316120295
16,36,0.11720731234556907
16,37,0.3254488607416649
16,38,0.18646992355801775
16,39,0.7070439772367826
16,40,0.4277116291635436
16,41,0.44049496916505926
16,42,0.08861149145627718
16,43,0.6109828622179397
16,44,0.42799815445597
16,45,0.5234458923187282
16,46,0.19385232088306642
16,47,0.34819838883718907
16,48,0.4614487776802643
16,49,0.624222186049405
17,0,0.29554860114969306
17,1,0.7905893896218653
17,2,0.279353693440248
17,3,0.3804330286908451
17,4,0.0783434419999201
17,5,0.5124968571416224
17,6,0.07824455286291553
17,7,0.7953837725228962
17,8,0.16622567491794896
17,9,0.40420754533672043
17,10,0.30660952645851347
17,11,0.398306005392066
17,12,0.7915203234186025
17,13,0.7544138898648879
17,14,0.289579154332993
17,15,0.40912172293453997
17,16,0.5189091331345262
17,18,0.26171567837473836
17,19,0.4445334516328341
17,20,0.38591919413190173
17,21,0.5079682106309226
17,22,0.6964675561775481
17,23,0.6322924165696892
17,24,0.6134335606891412
17,25,0.49463966000052095
17,26,0.1898777273369619
17,27,0.7332200578643365
17,28,0.6412517591532494
17,29,0.5660732949318587
17,30,0.41955261038771935
17,31,0.9442460619106952
17,32,1.0379447147914753
17,33,0.6685952730501885
17,34,0.4830645368958926
17,35,0.7270528091404914
17,36,0.612579305571571
17,37,0.7269533152446356
17,38,0.35473652874868306
17,39,0.7499485557661314
17,40,0.11363115799110343
17,41,0.9492126730403394
17,42,0.5911652578635751
17,43,0.5028838143178501
17,44,0.9462187579062888
17,45,0.5905969028126182
17,46,0.35326604528359395
17,47,0.8670985957157042
17,48,0.5544027246615882
17,49,0.3962027202293554
18,0,0.4388028319613017
18,1,0.6279502917943665
18,2,0.30743368145713496
18,3,0.25696583091809944
18,4,0.31743338277423594
18,5,0.26465920823314426
18,6,0.25438411673050876
18,7,0.7503771641001978
18,8,0.1438525426549337
18,9,0.28139415420132885
18,10,0.2184623301880148
18,11,0.4687518036906733
18,12,0.6624951432501445
18,13,0.68308748992903
18,14,0.06462162541041683
18,15,0.49901899552750145
18,16,0.26016746465720963
18,17,0.26171567837473836
18,19,0.2336421668335189
18,20,0.16609164267684126
18,21,0.5780224665551371
18,22,0.442346420268594
18,23,0.5307201009506926
18,24,0.3881641521553124
18,25,0.4796921456406629
18,26,0.08125849287653035
18,27,0.4751073340353454
18,28,0.5824765904081927
18,29,0.491840482879724
18,30,0.294627874156055
18,31,0.7225154425744507
18,32,0.7882103950350534
18,33,0.5610829668746395
18,34,0.24934069991558494
18,35,0.4656150468934343
18,36,0.36285153430163714
18,37,0.5158948474189547
18,38,0.0978769357453598
18,39,0.7087128236329792
18,40,0.1679953086686265
18,41,0.6978466807972322
18,42,0.3386031279635143
18,43,0.5230205258451043
18,44,0.6880903668773838
18,45,0.46642602901158897
18,46,0.09961955617329658
18,47,0.6073576804067343
18,48,0.41178145201781663
18,49,0.47862017804549
19,0,0.4850341370397265
19,1,0.39788897486636216
19,2,0.3140107785166073
19,3,0.14191330264328775
19,4,0.4708773153692304
19,5,0.31728303312328787
19,6,0.40038555849781354
19,7,0.5822889689748296
19,8,0.2794255021626815
19,9,0.146854614497125
19,10,0.4402222203079213
19,11,0.4442213347086998
19,12,0.44516554249658186
19,13,0.5007488732058325
19,14,0.1734490029273453
19,15,0.48372936936158994
19,16,0.17158034537952171
19,17,0.4445334516328341
19,18,0.2336421668335189
19,20,0.0675515000480309
19,21,0.528419719929745
19,22,0.28457120630983934
19,23,0.34027200686114506
19,24,0.16913539359861723
19,25,0.374777248017075
19,26,0.30720333849288034
19,27,0.33432021570895704
19,28,0.4197749515170118
19,29,0.33007535427378815
19,30,0.4881474793824901
19,31,0.5008293273834967
19,32,0.6040548758951165
19,33,0.3630629268799977
19,34,0.34338744964851137
19,35,0.3859382578538181
19,36,0.19726421767825406
19,37,0.28671566817818955
19,38,0.22649684185136246
19,39,0.5467131311318497
19,40,0.38373298665477923
19,41,0.5193568076926461
19,42,0.1882170882704455
19,43,0.4398042204540878
19,44,0.535262999647506
19,45,0.6363980639729305
19,46,0.23696580072686899
19,47,0.46843063130985235
19,48,0.5752488163459275
19,49,0.4619360654702717
20,0,0.45980645307946916
20,1,0.46397953708962336
20,2,0.2933007138731514
20,3,0.14866767625572289
20,4,0.41875963733885163
20,5,0.28417238878666395
20,6,0.34828683214566963
20,7,0.6263597785801175
20,8,0.2240086677128714
20,9,0.16405801434913656
20,10,0.37470472922633313
20,11,0.4385423927593022
20,12,0.5063896460175313
20,13,0.5492878267051903
20,14,0.10659243760558783
20,15,0.4762638614719834
20,16,0.1714095780341006
20,17,0.38591919413190173
20,18,0.16609164267684126
20,19,0.0675515000480309
20,21,0.5324960404096865
20,22,0.3210542495983344
20,23,0.39035333572494
20,24,0.22963582444574535
20,25,0.39361444527854855
20,26,0.24032017701470793
20,27,0.36563255985702625
20,28,0.4603517062744944
20,29,0.36877755031822873
20,30,0.4282521498921413
20,31,0.5640352259005601
20,32,0.6542553176308457
20,33,0.4163638173669259
20,34,0.30121636270360386
20,35,0.3969648104532837
20,36,0.2337070838287844
20,37,0.3524392643586681
20,38,0.16756022787283503
20,39,0.5883915424038767
20,40,0.3186834026013439
20,41,0.5670642967724953
20,42,0.2173080560874588
20,43,0.4528864990321272
20,44,0.5741250801513867
20,45,0.5829355900976297
20,46,0.1778414908024855
20,47,0.5016742847712602
20,48,0.5227357026254572
20,49,0.45433928930592754
21,0,0.2275575717124285
21,1,0.5873656571668471
21,2,0.27169436097572025
21,3,0.38820875176213343
21,4,0.44878550457511496
21,5,0.8090276983334724
21,6,0.43313092846925794
21,7,0.369170911213834
21,8,0.4535527803157578
21,9,0.38175257321630157
21,10,0.758961682451764
21,11,0.11338746179288922
21,12,0.5165906560763438
21,13,0.3822282210599114
21,14,0.5368026384711124
21,15,0.09997736701564856
21,16,0.6973074022586849
21,17,0.5079682106309226
21,18,0.5780224665551371
21,19,0.528419719929745
21,20,0.5324960404096865
21,22,0.7926674936644601
21,23,0.3713089142277736
21,24,0.6330264580982283
21,25,0.17756491817747488
21,26,0.576400456071697
21,27,0.8471438489426731
21,28,0.29245087690501936
21,29,0.2958272746460718
21,30,0.8598104921279481
21,31,0.8543176678906459
21,32,1.0439896312432124
21,33,0.39992143025542837
21,34,0.8129817347037387
21,35,0.9137343441829031
21,36,0.7126090822157135
21,37,0.6633338104387451
21,38,0.6557814453344998
21,39,0.32869987058400324
21,40,0.5705688740470738
21,41,0.9776726683061293
21,42,0.7110117165557616
21,43,0.10670420886245152
21,44,1.0224222867009836
21,45,1.0371325895831955
21,46,0.6627380484404277
21,47,0.9718764335039182
21,48,0.9862967477203357
21,49,0.11187711537680602
22,0,0.7695481193762522
22,1,0.42854524426900753
22,2,0.5983345212487853
22,3,0.42111024491179727
22,4,0.7372039343301434
22,5,0.31102871425251516
22,6,0.6672222664886788
22,7,0.7470662934483692
22,8,0.5419128635056651
22,9,0.41876596239540886
22,10,0.5796689918685394
22,11,0.7203020381624199
22,12,0.5268617210919163
22,13,0.65357108433
22,14,0.4069949310688359
22,15,0.7606243304995278
22,16,0.18475532281276338
22,17,0.6964675561775481
22,18,0.442346420268594
22,19,0.28457120630983934
22,20,0.3210542495983344
22,21,0.7926674936644601
22,23,0.5088086480929535
22,24,0.166532130280815
22,25,0.6233462025327218
22,26,0.5232369504486932
22,27,0.055413548511832875
22,28,0.6124019017634795
22,29,0.5395586729398074
22,30,0.5713532585392417
22,31,0.3410379509345658
22,32,0.34691641436520193
22,33,0.5124147087407223
22,34,0.36476039653379705
22,35,0.16498858994067156
22,36,0.08787640660056696
22,37,0.2325160507831331
22,38,0.3709644752850601
22,39,0.7236002623691773
22,40,0.6103410412225443
22,41,0.2559115508152436
22,42,0.10541747278647347
22,43,0.6941960745467515
22,44,0.2530708327082676
22,45,0.6568898819505661
22,46,0.37799265439041835
22,47,0.18401480219361796
22,48,0.5973540693331136
22,49,0.7392299659778079
23,0,0.4871338892618112
23,1,0.2164125222025274
23,2,0.3664780402976768
23,3,0.2764180634847384
23,4,0.6152031751111132
23,5,0.6553752819613428
23,6,0.5595815446020231
23,7,0.24633221363527388
23,8,0.4880001159328335
23,9,0.2509075961115482
23,10,0.7491630030282118
23,11,0.3641822662539613
23,12,0.16618903109676827
23,13,0.16059444338248177
23,14,0.4670069443936469
23,15,0.39826667408936905
23,16,0.49348747099125395
23,17,0.6322924165696892
23,18,0.5307201009506926
23,19,0.34027200686114506
23,20,0.39035333572494
23,21,0.3713089142277736
23,22,0.5088086480929535
23,24,0.3441141142094166
23,25,0.20501334638027535
23,26,0.5797182998206697
23,27,0.563334438565235
23,28,0.10688042018481031
23,29,0.0816476826369659
23,30,0.8160069914562262
23,31,0.4878253055277064
23,32,0.6929937685293105
23,33,0.037087950501208104
23,34,0.6836344633718263
23,35,0.6620400646314355
23,36,0.45064463164260565
23,37,0.3200538227076276
23,38,0.5575943259127625
23,39,0.21678973135963842
23,40,0.6271992838236623
23,41,0.6379917313588664
23,42,0.46251244561889404
23,43,0.26659062024197355
23,44,0.6986436325568358
23,45,0.9732562526330203
23,46,0.5677498693766394
23,47,0.666106952608842
23,48,0.9128686292785916
23,49,0.38466423602818234
24,0,0.6333684480309759
24,1,0.30023496443811665
24,2,0.4627802841555434
24,3,0.2808917850205368
24,4,0.6393973991459397
24,5,0.3690657817867136
24,6,0.5690255480946995
24,7,0.585844153349588
24,8,0.44855803562216195
24,9,0.2722902246531777
24,10,0.573883097188746
24,11,0.5684448328146198
24,12,0.3830681613657664
24,13,0.49354643872099563
24,14,0.33466937223498555
24,15,0.6090450713284352
24,16,0.196367757426048
24,17,0.6134335606891412
24,18,0.3881641521553124
24,19,0.16913539359861723
24,20,0.22963582444574535
24,21,0.6330264580982283
24,22,0.166532130280815
24,23,0.3441141142094166
24,25,0.4605111953753344
24,26,0.4668212034689104
24,27,0.2218534295422432
24,28,0.4465115861888157
24,29,0.37308695399532904
24,30,0.5978209119349838
24,31,0.33491468732084173
24,32,0.4408842624291024
24,33,0.35049839683308304
24,34,0.41327698275065944
24,35,0.31869855155389376
24,36,0.11094536599334558
24,37,0.13309281559603725
24,38,0.35055408531344606
24,39,0.5601953396335988
24,40,0.5477761060028181
24,41,0.3604425199621353
24,42,0.13031553379862754
24,43,0.5320860098429997
24,44,0.39154979450341326
24,45,0.7197744933035211
24,46,0.3602889641994721
24,47,0.33918917272237564
24,48,0.6577500792752599
24,49,0.5882684015100347
25,0,0.291979370886022
25,1,0.4201787674358771
25,2,0.21572803616497913
25,3,0.24509475348983076
25,4,0.4583413312125565
25,5,0.6776179750487352
25,6,0.416709452409037
25,7,0.3008298177145724
25,8,0.3859289753551668
25,9,0.2308888332498314
25,10,0.6854813898885229
25,11,0.16077022772238692
25,12,0.3645690529593536
25,13,0.27013323213738827
25,14,0.42607533571294554
25,15,0.19338435739362506
25,16,0.5463567842430045
25,17,0.49463966000052095
25,18,0.4796921456406629
25,19,0.374777248017075
25,20,0.39361444527854855
25,21,0.17756491817747488
25,22,0.6233462025327218
25,23,0.20501334638027535
25,24,0.4605111953753344
25,26,0.5015331663261715
25,27,0.6784271510711696
25,28,0.15808973196434864
25,29,0.12434914321248555
25,30,0.773711089833405
25,31,0.6789526426260932
25,32,0.8664292328270927
25,33,0.23830591259847939
25,34,0.6905825187963253
25,35,0.7535298488533133
25,36,0.5467988126693016
25,37,0.4857698943720947
25,38,0.5400558972545896
25,39,0.255347704196844
25,40,0.5224939188407028
25,41,0.8006231580028006
25,42,0.5483259050096082
25,43,0.07214416285922103
25,44,0.8473383556835632
25,45,0.9458945639245585
25,46,0.5485924066138135
25,47,0.7996510732857489
25,48,0.8901121186741562
25,49,0.18068869170340393
26,0,0.4100637766887503
26,1,0.6945238315120632
26,2,0.30615216956506963
26,3,0.3034117172086114
26,4,0.25449266380004
26,5,0.32317755693745176
26,6,0.19996754053273305
26,7,0.7863487066973244
26,8,0.12284768609055932
26,9,0.3290856564996527
26,10,0.18488965483593978
26,11,0.46374410427847473
26,12,0.7208032435876718
26,13,0.7257716249427238
26,14,0.1337834363265074
26,15,0.4890341495539943
26,16,0.34025965210820364
26,17,0.1898777273369619
26,18,0.08125849287653035
26,19,0.30720333849288034
26,20,0.24032017701470793
26,21,0.576400456071697
26,22,0.5232369504486932
26,23,0.5797182998206697
26,24,0.4668212034689104
26,25,0.5015331663261715
26,27,0.5549657515042431
26,28,0.6200029114919893
26,29,0.532025068829511
26,30,0.28371751652193183
26,31,0.8016406606107284
26,32,0.8693457199301424
26,33,0.6122759217541486
26,34,0.2968507838618706
26,35,0.5394634504524474
26,36,0.444106677887265
26,37,0.592576688511726
26,38,0.16587349127113402
26,39,0.7430815554865936
26,40,0.08752276011392779
26,41,0.7788868849715521
26,42,0.41976175821351996
26,43,0.5353684446499193
26,44,0.7677016230399607
26,45,0.46150531859313454
26,46,0.16373815448923326
26,47,0.6861873249506854
26,48,0.41326205754153583
26,49,0.4702589784918031
27,0,0.8190670158745947
27,1,0.47466555210875294
27,2,0.6482933306077445
27,3,0.4729169904514239
27,4,0.7775153092311516
27,5,0.3133566052654145
27,6,0.7081089072756251
27,7,0.8003198460335621
27,8,0.5827778238513701
27,9,0.47162230178165443
27,10,0.5955825740264618
27,11,0.7733206634338603
27,12,0.5758803364298672
27,13,0.7065557130202801
27,14,0.44512269943449256
27,15,0.8135322849087544
27,16,0.21495340962164464
27,17,0.7332200578643365
27,18,0.4751073340353454
27,19,0.33432021570895704
27,20,0.36563255985702625
27,21,0.8471438489426731
27,22,0.055413548511832875
27,23,0.563334438565235
27,24,0.2218534295422432
27,25,0.6784271510711696
27,26,0.5549657515042431
27,28,0.6673068372884947
27,29,0.5949230923654586
27,30,0.5767697622961651
27,31,0.35713360948375716
27,32,0.32512481303673774
27,33,0.5661320427553795
27,34,0.36807299736040555
27,35,0.12433781035727509
27,36,0.1373847999708441
27,37,0.27829387987192555
27,38,0.39667685582100404
27,39,0.7775724249685324
27,40,0.6424712424879351
27,41,0.2338248242911692
27,42,0.14849594368766067
27,43,0.7491421450637292
27,44,0.21309548245159832
27,45,0.6478486446329617
27,46,0.40265924429323496
27,47,0.1360894302696048
27,48,0.5901009875294747
27,49,0.792039152859339
28,0,0.4491408221362994
28,1,0.30551731653654773
28,2,0.36303743059764
28,3,0.32647078310799843
28,4,0.611387539530544
28,5,0.7369955061621499
28,6,0.5645642513763833
28,7,0.16799490011412002
28,8,0.5147936931962845
28,9,0.30355733224241205
28,10,0.7982457191360541
28,11,0.313952801267934
28,12,0.22454882263798162
28,13,0.1137291758234409
28,14,0.5216638382947935
28,15,0.3411434618765869
28,16,0.5825680210096933
28,17,0.6412517591532494
28,18,0.5824765904081927
28,19,0.4197749515170118
28,20,0.4603517062744944
28,21,0.29245087690501936
28,22,0.6124019017634795
28,23,0.10688042018481031
28,24,0.4465115861888157
28,25,0.15808973196434864
28,26,0.6200029114919893
28,27,0.6673068372884947
28,29,0.09184470141013124
28,30,0.8750192938742111
28,31,0.5868923273417561
28,32,0.7974955087939395
28,33,0.1202838265020276
28,34,0.7603641669826706
28,35,0.7623707630919694
28,36,0.5502841472403701
28,37,0.42676624390466283
28,38,0.6236210229323224
28,39,0.128084954249986
28,40,0.6548729446350129
28,41,0.7442471095860107
28,42,0.55994588937908
28,43,0.19752797861940788
28,44,0.8055208480334204
28,45,1.0393913644406372
28,46,0.6333132267521636
28,47,0.772439625979053
28,48,0.9804650904340061
28,49,0.33229145705973
29,0,0.40616673854726926
29,1,0.29582962487963244
29,2,0.29329996921434076
29,3,0.23524128980251097
29,4,0.5433926828066576
29,5,0.646849555618156
29,6,0.49122681998496603
29,7,0.2594733670800621
29,8,0.43090881516618923
29,9,0.21195368080938146
29,10,0.7084519804976015
29,11,0.2826099687840366
29,12,0.24598879813625887
29,13,0.19401460767484893
29,14,0.43048580435186634
29,15,0.3170896105003076
29,16,0.4956108200975204
29,17,0.5660732949318587
29,18,0.491840482879724
29,19,0.33007535427378815
29,20,0.36877755031822873
29,21,0.2958272746460718
29,22,0.5395586729398074
29,23,0.0816476826369659
29,24,0.37308695399532904
29,25,0.12434914321248555
29,26,0.532025068829511
29,27,0.5949230923654586
29,28,0.09184470141013124
29,30,0.7836881304779292
29,31,0.5586619077368189
29,32,0.7543957537711294
29,33,0.1169593026302088
29,34,0.6691992855433664
29,35,0.6835386849119095
29,36,0.4717747580326794
29,37,0.37519036922851434
29,38,0.531776465346343
29,39,0.21988962253894
29,40,0.5712029078053764
29,41,0.6935832986716397
29,42,0.47898139801245043
29,43,0.18952445692919379
29,44,0.747438700583848
29,45,0.9475878836242787
29,46,0.5414719178067856
29,47,0.7073253792455069
29,48,0.8886246391622967
29,49,0.3031557532812273
30,0,0.6879507563201585
30,1,0.880619271030517
30,2,0.5887465619607037
30,3,0.548549428702952
30,4,0.4974949952599061
30,5,0.26349238653459967
30,6,0.46375997287000237
30,7,1.0430057004788658
30,8,0.40642833197395034
30,9,0.5718257115496272
30,10,0.11295350456169644
30,11,0.7473714476322282
30,12,0.9332681386678048
30,13,0.9722736825120897
30,14,0.3534120615673676
30,15,0.7726435183113832
30,16,0.40812412663415293
30,17,0.41955261038771935
30,18,0.294627874156055
30,19,0.4881474793824901
30,20,0.4282521498921413
30,21,0.8598104921279481
30,22,0.5713532585392417
30,23,0.8160069914562262
30,24,0.5978209119349838
30,25,0.773711089833405
30,26,0.28371751652193183
30,27,0.5767697622961651
30,28,0.8750192938742111
30,29,0.7836881304779292
30,31,0.9047621028879735
30,32,0.8984852516444007
30,33,0.8436838612952976
30,34,0.20875439010375121
30,35,0.5011418015733922
30,36,0.5235045938699598
30,37,0.7303309235290826
30,38,0.2617017272655244
30,39,1.0020292442593923
30,40,0.31305216348532106
30,41,0.8085271835052915
30,42,0.49455165711486315
30,43,0.8139980461576108
30,44,0.7645463636781388
30,45,0.17794713688204825
30,46,0.25124648807021144
30,47,0.6782760300141891
30,48,0.1349434056937261
30,49,0.7539656719942632
31,0,0.9193758375561792
31,1,0.2867785607887917
31,2,0.7582805231159159
31,3,0.5844437250600268
31,4,0.963588275768476
31,5,0.6496936107898151
31,6,0.8942339157261584
31,7,0.6531095640927743
31,8,0.7781840335562619
31,9,0.5674719517979567
31,10,0.8977590395360697
31,11,0.8236814777710674
31,12,0.39378089796840016
31,13,0.5649807792880084
31,14,0.669545535499018
31,15,0.8625098164571976
31,16,0.49899039598340317
31,17,0.9442460619106952
31,18,0.7225154425744507
31,19,0.5008293273834967
31,20,0.5640352259005601
31,21,0.8543176678906459
31,22,0.3410379509345658
31,23,0.4878253055277064
31,24,0.33491468732084173
31,25,0.6789526426260932
31,26,0.8016406606107284
31,27,0.35713360948375716
31,28,0.5868923273417561
31,29,0.5586619077368189
31,30,0.9047621028879735
31,32,0.23488190191572056
31,33,0.4667469784457493
31,34,0.7022096240172365
31,35,0.4769824197228035
31,36,0.3820203916525708
31,37,0.21926399394645463
31,38,0.6764567811971641
31,39,0.6504253429910078
31,40,0.8825668081712236
31,41,0.22730141961391764
31,42,0.41092208135294644
31,43,0.7477203047056075
31,44,0.3201293958635443
31,45,0.9979113121765285
31,46,0.6854512539496628
31,47,0.34921764795271903
31,48,0.9382149754022628
31,49,0.8448026179965356
32,0,1.0723882172137962
32,1,0.5113126370640878
32,2,0.90280256025511
32,3,0.7210640461200797
32,4,1.0727941308376248
32,5,0.6354074477030307
32,6,1.0022370582714146
32,7,0.8807203420440745
32,8,0.878259283825204
32,9,0.7104767256841822
32,10,0.920698589738703
32,11,0.9961967089522866
32,12,0.6219835253663097
32,13,0.7899416608060147
32,14,0.7488927370540731
32,15,1.0364827509947905
32,16,0.5316376364722213
32,17,1.0379447147914753
32,18,0.7882103950350534
32,19,0.6040548758951165
32,20,0.6542553176308457
32,21,1.0439896312432124
32,22,0.34691641436520193
32,23,0.6929937685293105
32,24,0.4408842624291024
32,25,0.8664292328270927
32,26,0.8693457199301424
32,27,0.32512481303673774
32,28,0.7974955087939395
32,29,0.7543957537711294
32,30,0.8984852516444007
32,31,0.23488190191572056
32,33,0.6780574863502918
32,34,0.6900244412017835
32,35,0.4052235980243684
32,36,0.42612580861581867
32,37,0.38066777344268404
32,38,0.7175425191453682
32,39,0.8741544104245043
32,40,0.9560814003795878
32,41,0.09152883339771879
32,42,0.44960930987350467
32,43,0.9379392982110119
32,44,0.15195269181563484
32,45,0.9512891906410258
32,46,0.7242983387268023
32,47,0.22884840825546832
32,48,0.89752556461822
32,49,1.0168416709112174
33,0,0.5230966324393038
33,1,0.18819642072207562
33,2,0.40354728643722226
33,3,0.3089012469175068
33,4,0.6521514898759321
33,5,0.6752184509891604
33,6,0.5962057312355538
33,7,0.23534581217062386
33,8,0.5228647319599863
33,9,0.2831933180367943
33,10,0.779503029566736
33,11,0.39844549150061664
33,12,0.12941031374643178
33,13,0.14390108732129517
33,14,0.49697193151533164
33,15,0.4316629066311136
33,16,0.5100865559295825
33,17,0.6685952730501885
33,18,0.5610829668746395
33,19,0.3630629268799977
33,20,0.4163638173669259
33,21,0.39992143025542837
33,22,0.5124147087407223
33,23,0.037087950501208104
33,24,0.35049839683308304
33,25,0.23830591259847939
33,26,0.6122759217541486
33,27,0.5661320427553795
33,28,0.1202838265020276
33,29,0.1169593026302088
33,30,0.8436838612952976
33,31,0.4667469784457493
33,32,0.6780574863502918
33,34,0.7055616375626438
33,35,0.669190776753386
33,36,0.45941164007725094
33,37,0.311961356266822
33,38,0.5839200157082199
33,39,0.21168659062399633
33,40,0.6616183710452254
33,41,0.6269904825555236
33,42,0.473290405283069
33,43,0.2968501015803905
33,44,0.6914811288229625
33,45,0.9984767929078099
33,46,0.5941809717555642
33,47,0.6633186419287741
33,48,0.9376975888564718
33,49,0.4187201950207666
34,0,0.687960030304893
34,1,0.7092274348440842
34,2,0.5483975856659852
34,3,0.44656527400104734
34,4,0.551173073702982
34,5,0.05473823915481398
34,6,0.49549036905814414
34,7,0.924876401652886
34,8,0.3930721361571472
34,9,0.4644348644771719
34,10,0.24613815591996963
34,11,0.7082002745944315
34,12,0.7767223457165229
34,13,0.844135822259515
34,14,0.27700940318073114
34,15,0.7412280615981173
34,16,0.21697164604703637
34,17,0.4830645368958926
34,18,0.24934069991558494
34,19,0.34338744964851137
34,20,0.30121636270360386
34,21,0.8129817347037387
34,22,0.36476039653379705
34,23,0.6836344633718263
34,24,0.41327698275065944
34,25,0.6905825187963253
34,26,0.2968507838618706
34,27,0.36807299736040555
34,28,0.7603641669826706
34,29,0.6691992855433664
34,30,0.20875439010375121
34,31,0.7022096240172365
34,32,0.6900244412017835
34,33,0.7055616375626438
34,35,0.29721065168789246
34,36,0.3253441596762474
34,37,0.5418506883440136
34,38,0.1582761810146844
34,39,0.8881368953686672
34,40,0.37088293881328677
34,41,0.59987283343508
34,42,0.29688579689479094
34,43,0.7448215020075007
34,44,0.5583256469491429
34,45,0.3064982546690426
34,46,0.15269242431000177
34,47,0.4719169803456237
34,48,0.24447999394540135
34,49,0.7201172519006052
35,0,0.856295271838402
35,1,0.5935335489059401
35,2,0.6900951333121058
35,3,0.5276774959100973
35,4,0.7813603365241706
35,5,0.24514671905388918
35,6,0.715050797729039
35,7,0.9045344260669124
35,8,0.5926777682598695
35,9,0.532055994941596
35,10,0.5408189349570076
35,11,0.8294633072731813
35,12,0.6910121934167911
35,13,0.812038168922192
35,14,0.45208035063991214
35,15,0.8685437785235358
35,16,0.22597583316120295
35,17,0.7270528091404914
35,18,0.4656150468934343
35,19,0.3859382578538181
35,20,0.3969648104532837
35,21,0.9137343441829031
35,22,0.16498858994067156
35,23,0.6620400646314355
35,24,0.31869855155389376
35,25,0.7535298488533133
35,26,0.5394634504524474
35,27,0.12433781035727509
35,28,0.7623707630919694
35,29,0.6835386849119095
35,30,0.5011418015733922
35,31,0.4769824197228035
35,32,0.4052235980243684
35,33,0.669190776753386
35,34,0.29721065168789246
35,36,0.2121274231520594
35,37,0.3974345516394934
35,38,0.3736919520903575
35,39,0.8785667264211807
35,40,0.6254139301893525
35,41,0.3197403638393728
35,42,0.20565868711382526
35,43,0.8217098917686081
35,44,0.2641468726069345
35,45,0.5465545618067904
35,46,0.376705504221091
35,47,0.1785709124299093
35,48,0.4923066769196258
35,49,0.8466576311620599
36,0,0.6822783387517821
36,1,0.40632846720648363
36,2,0.511260585737945
36,3,0.3355861024729937
36,4,0.6511131115447452
36,5,0.27589535755221684
36,6,0.580916423518182
36,7,0.6945487464084529
36,8,0.4557919788238301
36,9,0.33482901605017323
36,10,0.5177109352557177
36,11,0.6364769447052185
36,12,0.49335593380328796
36,13,0.602990705727313
36,14,0.32310282594214074
36,15,0.6765926771858461
36,16,0.11720731234556907
36,17,0.612579305571571
36,18,0.36285153430163714
36,19,0.19726421767825406
36,20,0.2337070838287844
36,21,0.7126090822157135
36,22,0.08787640660056696
36,23,0.45064463164260565
36,24,0.11094536599334558
36,25,0.5467988126693016
36,26,0.444106677887265
36,27,0.1373847999708441
36,28,0.5502841472403701
36,29,0.4717747580326794
36,30,0.5235045938699598
36,31,0.3820203916525708
36,32,0.42612580861581867
36,33,0.45941164007725094
36,34,0.3253441596762474
36,35,0.2121274231520594
36,37,0.2215559363329661
36,38,0.3002411342755842
36,39,0.6673903380817513
36,40,0.5303802246156505
36,41,0.3367079119536022
36,42,0.02895810833630401
36,43,0.6165561866658024
36,44,0.3406604196449048
36,45,0.6290653822599419
36,46,0.3083962047076513
36,47,0.27124479117110706
36,48,0.5676813159675465
36,49,0.6550380255237405
37,0,0.7058147993024905
37,1,0.19644149297584865
37,2,0.5415868743573381
37,3,0.3655989763023073
37,4,0.7445295258486182
37,5,0.4950281970514199
37,6,0.6753646753099085
37,7,0.537213987773872
37,8,0.560730199955254
37,9,0.3494256738352991
37,10,0.7065835599749445
37,11,0.6190544346777674
37,12,0.2992083606871603
37,13,0.4428036291493439
37,14,0.45900305283602305
37,15,0.658946283590885
37,16,0.3254488607416649
37,17,0.7269533152446356
37,18,0.5158948474189547
37,19,0.28671566817818955
37,20,0.3524392643586681
37,21,0.6633338104387451
37,22,0.2325160507831331
37,23,0.3200538227076276
37,24,0.13309281559603725
37,25,0.4857698943720947
37,26,0.592576688511726
37,27,0.27829387987192555
37,28,0.42676624390466283
37,29,0.37519036922851434
37,30,0.7303309235290826
37,31,0.21926399394645463
37,32,0.38066777344268404
37,33,0.311961356266822
37,34,0.5418506883440136
37,35,0.3974345516394934
37,36,0.2215559363329661
37,38,0.48330658408230526
37,39,0.5207640806209842
37,40,0.6704390763998376
37,41,0.3188093905473706
37,42,0.24789836384136174
37,43,0.5572815804618
37,44,0.3795293326898902
37,45,0.8477897193429952
37,46,0.49312185956830307
37,47,0.35521904830897405
37,48,0.7859941972502552
37,49,0.6399547754070292
38,0,0.5319934536345181
38,1,0.6213003804259185
38,2,0.39013799453648906
38,3,0.30032697910407696
38,4,0.4141169069777146
38,5,0.16741228258689603
38,6,0.35210228995772064
38,7,0.7908236635196401
38,8,0.24000388115780552
38,9,0.3210876250097836
38,10,0.22332969499856747
38,11,0.5501550310226946
38,12,0.6715694585160211
38,13,0.7158687697175625
38,14,0.11905570672244381
38,15,0.5829745536320249
38,16,0.18646992355801775
38,17,0.35473652874868306
38,18,0.0978769357453598
38,19,0.22649684185136246
38,20,0.16756022787283503
38,21,0.6557814453344998
38,22,0.3709644752850601
38,23,0.5575943259127625
38,24,0.35055408531344606
38,25,0.5400558972545896
38,26,0.16587349127113402
38,27,0.39667685582100404
38,28,0.6236210229323224
38,29,0.531776465346343
38,30,0.2617017272655244
38,31,0.6764567811971641
38,32,0.7175425191453682
38,33,0.5839200157082199
38,34,0.1582761810146844
38,35,0.3736919520903575
38,36,0.3002411342755842
38,37,0.48330658408230526
38,39,0.7516195924483142
38,40,0.2518331949823563
38,41,0.6262032930171144
38,42,0.2729835916979462
38,43,0.5909558163331778
38,44,0.607673564348468
38,45,0.4163370403169084
38,46,0.010472817286532708
38,47,0.524513929304704
38,48,0.3568925702447005
38,49,0.5618954742846964
39,0,0.5266744288158854
39,1,0.3640712877557184
39,2,0.47079283133526684
39,3,0.453694023532132
39,4,0.7124191858540341
39,5,0.8639872889503651
39,6,0.672054273137807
39,7,0.0455475056030287
39,8,0.6338959640582261
39,9,0.43119901879560774
39,10,0.9232149861190084
39,11,0.38734807374968383
39,12,0.2583559597519975
39,13,0.08585636126132243
39,14,0.6486212629045338
39,15,0.4043354744692518
39,16,0.7070439772367826
39,17,0.7499485557661314
39,18,0.7087128236329792
39,19,0.5467131311318497
39,20,0.5883915424038767
39,21,0.32869987058400324
39,22,0.7236002623691773
39,23,0.21678973135963842
39,24,0.5601953396335988
39,25,0.255347704196844
39,26,0.7430815554865936
39,27,0.7775724249685324
39,28,0.128084954249986
39,29,0.21988962253894
39,30,1.0020292442593923
39,31,0.6504253429910078
39,32,0.8741544104245043
39,33,0.21168659062399633
39,34,0.8881368953686672
39,35,0.8785667264211807
39,36,0.6673903380817513
39,37,0.5207640806209842
39,38,0.7516195924483142
39,40,0.7729673573253071
39,41,0.8303660781068197
39,42,0.6792201462253475
39,43,0.26389262215659065
39,44,0.8992610366060113
39,45,1.1672181662664871
39,46,0.761282330949157
39,47,0.87421790307354
39,48,1.108420378648432
39,49,0.4017766297673815
40,0,0.3791070126546164
40,1,0.7598340224332132
40,2,0.31195839049944396
40,3,0.35575918057360983
40,4,0.1879834266855489
40,5,0.40278250609735733
40,6,0.15136974506306608
40,7,0.8174904694904267
40,8,0.14030637823570444
40,9,0.3814183856866034
40,10,0.20138632566766362
40,11,0.45736222895561834
40,12,0.7767188092991946
40,13,0.7647462740345062
40,14,0.21318039177070938
40,15,0.4763846995430459
40,16,0.4277116291635436
40,17,0.11363115799110343
40,18,0.1679953086686265
40,19,0.38373298665477923
40,20,0.3186834026013439
40,21,0.5705688740470738
40,22,0.6103410412225443
40,23,0.6271992838236623
40,24,0.5477761060028181
40,25,0.5224939188407028
40,26,0.08752276011392779
40,27,0.6424712424879351
40,28,0.6548729446350129
40,29,0.5712029078053764
40,30,0.31305216348532106
40,31,0.8825668081712236
40,32,0.9560814003795878
40,33,0.6616183710452254
40,34,0.37088293881328677
40,35,0.6254139301893525
40,36,0.5303802246156505
40,37,0.6704390763998376
40,38,0.2518331949823563
40,39,0.7729673573253071
40,41,0.8658069723650783
40,42,0.5064847757554066
40,43,0.545476765281133
40,44,0.8552241539397709
40,45,0.48816677618861465
40,46,0.24876839653587332
40,47,0.7736567009394422
40,48,0.4477863018542197
40,49,0.45999249268833164
41,0,0.9937990137994519
41,1,0.4742217530901773
41,2,0.823172864204981
41,3,0.6413073482917862
41,4,0.9858218840928561
41,5,0.5451810803272125
41,6,0.9153471162631452
41,7,0.8411865012337094
41,8,0.7908455569844725
41,9,0.6323580194877034
41,10,0.8293181429210117
41,11,0.9237464763453498
41,12,0.586308231751521
41,13,0.7482442508638291
41,14,0.6598042618132371
41,15,0.964256804168409
41,16,0.44049496916505926
41,17,0.9492126730403394
41,18,0.6978466807972322
41,19,0.5193568076926461
41,20,0.5670642967724953
41,21,0.9776726683061293
41,22,0.2559115508152436
41,23,0.6379917313588664
41,24,0.3604425199621353
41,25,0.8006231580028006
41,26,0.7788868849715521
41,27,0.2338248242911692
41,28,0.7442471095860107
41,29,0.6935832986716397
41,30,0.8085271835052915
41,31,0.22730141961391764
41,32,0.09152883339771879
41,33,0.6269904825555236
41,34,0.59987283343508
41,35,0.3197403638393728
41,36,0.3367079119536022
41,37,0.3188093905473706
41,38,0.6262032930171144
41,39,0.8303660781068197
41,40,0.8658069723650783
41,42,0.3594063599450836
41,43,0.8726414631163681
41,44,0.09449239380307592
41,45,0.866226311360206
41,46,0.6328954211125036
41,47,0.1496764317752261
41,48,0.8113567077602405
41,49,0.9440958929805385
42,0,0.6715217947562294
42,1,0.42927608599135914
42,2,0.5012723261420529
42,3,0.3291911849578219
42,4,0.6319423783916361
42,5,0.2479894476116373
42,6,0.5620566230178989
42,7,0.70774837078312
42,8,0.4367046943597968
42,9,0.33064294471182853
42,10,0.48935623058021455
42,11,0.6313523710053635
42,12,0.5132335084668723
42,13,0.6171643944639318
42,14,0.3016344826866663
42,15,0.6711565813656344
42,16,0.08861149145627718
42,17,0.5911652578635751
42,18,0.3386031279635143
42,19,0.1882170882704455
42,20,0.2173080560874588
42,21,0.7110117165557616
42,22,0.10541747278647347
42,23,0.46251244561889404
42,24,0.13031553379862754
42,25,0.5483259050096082
42,26,0.41976175821351996
42,27,0.14849594368766067
42,28,0.55994588937908
42,29,0.47898139801245043
42,30,0.49455165711486315
42,31,0.41092208135294644
42,32,0.44960930987350467
42,33,0.473290405283069
42,34,0.29688579689479094
42,35,0.20565868711382526
42,36,0.02895810833630401
42,37,0.24789836384136174
42,38,0.2729835916979462
42,39,0.6792201462253475
42,40,0.5064847757554066
42,41,0.3594063599450836
42,43,0.6170806349489921
42,44,0.3576938177677197
42,45,0.6011951800121614
42,46,0.2809201788242027
42,47,0.28442093696619386
42,48,0.5396922322873549
42,49,0.6494475426242359
43,0,0.26287075195877485
43,1,0.48300021053713255
43,2,0.2335672886959563
43,3,0.30464715718414154
43,4,0.4565528904156202
43,5,0.7352821814434182
43,6,0.42481466737554957
43,7,0.3085137212617318
43,8,0.4150296983793774
43,9,0.29366149653455914
43,10,0.720256411517381
43,11,0.12356162292721332
43,12,0.4178641753701433
43,13,0.2996520532987857
43,14,0.47401369582316344
43,15,0.14490087550438446
43,16,0.6109828622179397
43,17,0.5028838143178501
43,18,0.5230205258451043
43,19,0.4398042204540878
43,20,0.4528864990321272
43,21,0.10670420886245152
43,22,0.6941960745467515
43,23,0.26659062024197355
43,24,0.5320860098429997
43,25,0.07214416285922103
43,26,0.5353684446499193
43,27,0.7491421450637292
43,28,0.19752797861940788
43,29,0.18952445692919379
43,30,0.8139980461576108
43,31,0.7477203047056075
43,32,0.9379392982110119
43,33,0.2968501015803905
43,34,0.7448215020075007
43,35,0.8217098917686081
43,36,0.6165561866658024
43,37,0.5572815804618
43,38,0.5909558163331778
43,39,0.26389262215659065
43,40,0.545476765281133
43,41,0.8726414631163681
43,42,0.6170806349489921
43,44,0.9194343070904875
43,45,0.9888121857108025
43,46,0.5989098843668934
43,47,0.8712733621330779
43,48,0.9347997917242907
43,49,0.13904969762418884
44,0,1.0186443373493375
44,1,0.5513434656306112
44,2,0.847156570720372
44,3,0.6670670860298864
44,4,0.9894102769158369
44,5,0.5046338578496444
44,6,0.9196653829710482
44,7,0.9132496147944995
44,8,0.7942913488651892
44,9,0.6615600594880524
44,10,0.7972028918187544
44,11,0.9599382762475711
44,12,0.6629539792324268
44,13,0.8193152742849665
44,14,0.6576920717300625
44,15,1.00053182910792
44,16,0.42799815445597
44,17,0.9462187579062888
44,18,0.6880903668773838
44,19,0.535262999647506
44,20,0.5741250801513867
44,21,1.0224222867009836
44,22,0.2530708327082676
44,23,0.6986436325568358
44,24,0.39154979450341326
44,25,0.8473383556835632
44,26,0.7677016230399607
44,27,0.21309548245159832
44,28,0.8055208480334204
44,29,0.747438700583848
44,30,0.7645463636781388
44,31,0.3201293958635443
44,32,0.15195269181563484
44,33,0.6914811288229625
44,34,0.5583256469491429
44,35,0.2641468726069345
44,36,0.3406604196449048
44,37,0.3795293326898902
44,38,0.607673564348468
44,39,0.8992610366060113
44,40,0.8552241539397709
44,41,0.09449239380307592
44,42,0.3576938177677197
44,43,0.9194343070904875
44,45,0.8056829490792662
44,46,0.6130920379014367
44,47,0.08640940783461779
44,48,0.7536933089805898
44,49,0.9796762831759054
45,0,0.8651607672204122
45,1,1.014849915388705
45,2,0.7657412810257296
45,3,0.7140726341711902
45,4,0.6689356746568488
45,5,0.3532093441281892
45,6,0.63947356689346
45,7,1.2068945871563668
45,8,0.5840630843047141
45,9,0.7360524875249674
45,10,0.2868101804323858
45,11,0.924926826361975
45,12,1.0783297724358283
45,13,1.1320692166826354
45,14,0.5211380232531687
45,15,0.9505165230551599
45,16,0.5234458923187282
45,17,0.5905969028126182
45,18,0.46642602901158897
45,19,0.6363980639729305
45,20,0.5829355900976297
45,21,1.0371325895831955
45,22,0.6568898819505661
45,23,0.9732562526330203
45,24,0.7197744933035211
45,25,0.9458945639245585
45,26,0.46150531859313454
45,27,0.6478486446329617
45,28,1.0393913644406372
45,29,0.9475878836242787
45,30,0.17794713688204825
45,31,0.9979113121765285
45,32,0.9512891906410258
45,33,0.9984767929078099
45,34,0.3064982546690426
45,35,0.5465545618067904
45,36,0.6290653822599419
45,37,0.8477897193429952
45,38,0.4163370403169084
45,39,1.1672181662664871
45,40,0.48816677618861465
45,41,0.866226311360206
45,42,0.6011951800121614
45,43,0.9888121857108025
45,44,0.8056829490792662
45,46,0.40642392590847043
45,47,0.7228876739592116
45,48,0.062110848450672614
45,49,0.9317532346062246
46,0,0.5361187231990643
46,1,0.6317173718504651
46,2,0.3962114921364927
46,3,0.30957430044921064
46,4,0.41401818539293417
46,5,0.16505631406442248
46,6,0.35294999070295296
46,7,0.8006023012019946
46,8,0.2429041128519683
46,9,0.330560759007249
46,10,0.21366495497252447
46,11,0.5565710384649891
46,12,0.6820288217725183
46,13,0.7259041973450936
46,14,0.12596613027506062
46,15,0.5890338372950702
46,16,0.19385232088306642
46,17,0.35326604528359395
46,18,0.09961955617329658
46,19,0.23696580072686899
46,20,0.1778414908024855
46,21,0.6627380484404277
46,22,0.37799265439041835
46,23,0.5677498693766394
46,24,0.3602889641994721
46,25,0.5485924066138135
46,26,0.16373815448923326
46,27,0.40265924429323496
46,28,0.6333132267521636
46,29,0.5414719178067856
46,30,0.25124648807021144
46,31,0.6854512539496628
46,32,0.7242983387268023
46,33,0.5941809717555642
46,34,0.15269242431000177
46,35,0.376705504221091
46,36,0.3083962047076513
46,37,0.49312185956830307
46,38,0.010472817286532708
46,39,0.761282330949157
46,40,0.24876839653587332
46,41,0.6328954211125036
46,42,0.2809201788242027
46,43,0.5989098843668934
46,44,0.6130920379014367
46,45,0.40642392590847043
46,47,0.5295676808156528
46,48,0.3471531758938993
46,49,0.5680467564102646
47,0,0.9534622975982278
47,1,0.5418920774490918
47,2,0.7823136133204383
47,3,0.6049016426606196
47,4,0.9128935879562766
47,5,0.4182382326958316
47,6,0.8436988205139135
47,7,0.8921763367540712
47,8,0.7184377177723643
47,9,0.6018565267154359
47,10,0.7111446978092476
47,11,0.9029127652857996
47,12,0.6508852400057832
47,13,0.797730929983734
47,14,0.5801136779837783
47,15,0.9433488638523011
47,16,0.34819838883718907
47,17,0.8670985957157042
47,18,0.6073576804067343
47,19,0.46843063130985235
47,20,0.5016742847712602
47,21,0.9718764335039182
47,22,0.18401480219361796
47,23,0.666106952608842
47,24,0.33918917272237564
47,25,0.7996510732857489
47,26,0.6861873249506854
47,27,0.1360894302696048
47,28,0.772439625979053
47,29,0.7073253792455069
47,30,0.6782760300141891
47,31,0.34921764795271903
47,32,0.22884840825546832
47,33,0.6633186419287741
47,34,0.4719169803456237
47,35,0.1785709124299093
47,36,0.27124479117110706
47,37,0.35521904830897405
47,38,0.524513929304704
47,39,0.87421790307354
47,40,0.7736567009394422
47,41,0.1496764317752261
47,42,0.28442093696619386
47,43,0.8712733621330779
47,44,0.08640940783461779
47,45,0.7228876739592116
47,46,0.5295676808156528
47,48,0.6698683542524763
47,49,0.9220839497604357
48,0,0.8209021686846101
48,1,0.9527459461402498
48,2,0.7146076484783623
48,3,0.6559315051288508
48,4,0.632404105380844
48,5,0.2917887122793555
48,6,0.5981411471518395
48,7,1.1477154449246638
48,8,0.5347918871921247
48,9,0.6774875945465626
48,10,0.24780606402377256
48,11,0.8747908352156817
48,12,1.0165665180035481
48,13,1.0720197292366522
48,14,0.46437096019457114
48,15,0.901654450023584
48,16,0.4614487776802643
48,17,0.5544027246615882
48,18,0.41178145201781663
48,19,0.5752488163459275
48,20,0.5227357026254572
48,21,0.9862967477203357
48,22,0.5973540693331136
48,23,0.9128686292785916
48,24,0.6577500792752599
48,25,0.8901121186741562
48,26,0.41326205754153583
48,27,0.5901009875294747
48,28,0.9804650904340061
48,29,0.8886246391622967
48,30,0.1349434056937261
48,31,0.9382149754022628
48,32,0.89752556461822
48,33,0.9376975888564718
48,34,0.24447999394540135
48,35,0.4923066769196258
48,36,0.5676813159675465
48,37,0.7859941972502552
48,38,0.3568925702447005
48,39,1.108420378648432
48,40,0.4477863018542197
48,41,0.8113567077602405
48,42,0.5396922322873549
48,43,0.9347997917242907
48,44,0.7536933089805898
48,45,0.062110848450672614
48,46,0.3471531758938993
48,47,0.6698683542524763
48,49,0.8824356505133376
49,0,0.12604240107854647
49,1,0.5976426782618792
49,2,0.17185743985246255
49,3,0.3202752349548386
49,4,0.33851220524044134
49,5,0.7208640898110301
49,6,0.32126025637656785
49,7,0.4457969836238199
49,8,0.3477905585832082
49,9,0.320477556358771
49,10,0.650995349528033
49,11,0.02114014210780301
49,12,0.5452252522818934
49,13,0.43803614538516583
49,14,0.4431862467615519
49,15,0.02193432650622928
49,16,0.624222186049405
49,17,0.3962027202293554
49,18,0.47862017804549
49,19,0.4619360654702717
49,20,0.45433928930592754
49,21,0.11187711537680602
49,22,0.7392299659778079
49,23,0.38466423602818234
49,24,0.5882684015100347
49,25,0.18068869170340393
49,26,0.4702589784918031
49,27,0.792039152859339
49,28,0.33229145705973
49,29,0.3031557532812273
49,30,0.7539656719942632
49,31,0.8448026179965356
49,32,1.0168416709112174
49,33,0.4187201950207666
49,34,0.7201172519006052
49,35,0.8466576311620599
49,36,0.6550380255237405
49,37,0.6399547754070292
49,38,0.5618954742846964
49,39,0.4017766297673815
49,40,0.45999249268833164
49,41,0.9440958929805385
49,42,0.6494475426242359
49,43,0.13904969762418884
49,44,0.9796762831759054
49,45,0.9317532346062246
49,46,0.5680467564102646
49,47,0.9220839497604357
49,48,0.8824356505133376
