siteNum=50
demandLowerBound=0
demandUpperBound=1000
fixedCostLowerBound=500
fixedCostUpperBound=1500
coordinateLowerBound=0
coordinateUpperBound=1
facilityFailProbility=0.05
Coordinate: index, x, y
0,0.5901726315150498,0.2861275652554949
1,0.5417030497869983,0.6073285447848248
2,0.6944033430283906,0.03801645678897958
3,0.017634875848773546,0.6360293189176757
4,0.8986723305809449,0.964328566202289
5,0.015827587639212437,0.3526860899801063
6,0.7152929367571773,0.8531737038890391
7,0.6670400680365012,0.29368737219568064
8,0.3095284045769321,0.3445351953480489
9,0.5544440738443931,0.44774389500587386
10,0.3037739151208565,0.312473172592867
11,0.40047513321134853,0.9057695795926164
12,0.6676676053897901,0.8466832316153109
13,0.9001333655543341,0.06375257225526787
14,0.17715471437502228,0.3969393412600478
15,0.4175231298397224,0.796284942402702
16,0.8384438815562169,0.0033222311164063933
17,0.6661765898073663,0.2079150613332834
18,0.9211469637108743,0.8630181874347614
19,0.30361223313891805,0.5070139142958932
20,0.5732302611493619,0.08594655397021567
21,0.46201068876922624,0.8195262258589132
22,0.29932686896314187,0.22679036834889743
23,0.8180877565854121,0.9389630483198933
24,0.16526627779038017,0.029924192929180915
25,0.517941869979915,0.026533325577862255
26,0.07512405873175998,0.2062315864717359
27,0.1663179109327727,0.8189544748263273
28,0.956608977900666,0.3418178800497469
29,0.04912241235888948,0.1668724843821373
30,0.7050370016648754,0.8162421638604468
31,0.015065895092939097,0.7690727347310924
32,0.3455633890829922,0.7284673478575879
33,0.17133800163799118,0.4094007838374145
34,0.9350669143086945,0.5247634458725732
35,0.7460320054458602,0.03300348641958706
36,0.49620333733817334,0.7087267754084391
37,0.3556207572583159,0.012617465329099575
38,0.40821552408105044,0.440654213235261
39,0.22333946901171242,0.5611986281323411
40,0.3377697100520748,0.6489530361238567
41,0.06912279677081179,0.4230527187119488
42,0.6749475940540252,0.015107126575176655
43,0.2518626503526902,0.20822156496565647
44,0.9000732209463981,0.6260076838413402
45,0.8154045677825361,0.4609972933992639
46,0.5567818285939207,0.640336980294189
47,0.6490541887182406,0.32951217143079614
48,0.7735079110861828,0.392356991506284
49,0.46851598665297256,0.09467095380470436
Demand:index, demand
0,879
1,896
2,649
3,751
4,854
5,349
6,964
7,737
8,977
9,501
10,539
11,754
12,839
13,122
14,18
15,198
16,491
17,508
18,905
19,313
20,198
21,554
22,81
23,157
24,870
25,792
26,424
27,770
28,337
29,144
30,698
31,725
32,730
33,255
34,260
35,140
36,804
37,258
38,828
39,998
40,7
41,436
42,645
43,953
44,379
45,478
46,649
47,682
48,244
49,169
Fixcost:index, fixedCost
0,1482
1,675
2,588
3,1465
4,1264
5,845
6,1262
7,1253
8,877
9,505
10,1163
11,1337
12,1221
13,582
14,1274
15,666
16,668
17,1057
18,695
19,639
20,759
21,1287
22,756
23,619
24,859
25,1413
26,1016
27,1364
28,1123
29,1372
30,1192
31,1389
32,1057
33,1482
34,1241
35,704
36,1115
37,1385
38,980
39,1273
40,975
41,1422
42,1202
43,1138
44,733
45,787
46,693
47,792
48,1182
49,1488
TransCost:start_index, end_index, transCost
0,1,0.3248374510482024
0,2,0.2691155204871324
0,3,0.6709923389124842
0,4,0.7450695685699298
0,5,0.5781887811418122
0,6,0.5806861580260855
0,7,0.07723829023452183
0,8,0.28665769371625516
0,9,0.16551848197469876
0,10,0.2876079202285928
0,11,0.6480288317617112
0,12,0.5658870258840929
0,13,0.3814790874452005
0,14,0.4276248935456984
0,15,0.538579984669368
0,16,0.37632096754569117
0,17,0.10905868808069406
0,18,0.6650915715379749
0,19,0.3618116099711064
0,20,0.20089669283690367
0,21,0.5485796338745218
0,22,0.296836925821457
0,23,0.6914762990759447
0,24,0.4961709155391617
0,25,0.26945584459379185
0,26,0.5212085952398701
0,27,0.6808504532734662
0,28,0.3706440436784627
0,29,0.5540371052222407
0,30,0.5424161789474992
0,31,0.7509885451842157
0,32,0.5054682628569791
0,33,0.4365990535992932
0,34,0.41940332595442176
0,35,0.29726073358018723
0,36,0.43292068635027436
0,37,0.360308696091412
0,38,0.2387192365135465
0,39,0.45850916974952405
0,40,0.44198366154632146
0,41,0.5387405942901196
0,42,0.28396984427216354
0,43,0.34716420932353675
0,44,0.4599531175455009
0,45,0.2851470619450193
0,46,0.3557797850100136
0,47,0.07313864800267103
0,48,0.21188797921778696
0,49,0.22683909122396995
1,0,0.3248374510482024
1,2,0.5894350117648223
1,3,0.5248534894337374
1,4,0.5048525356206676
1,5,0.5842839904345494
1,6,0.30095396842922
1,7,0.3377575362397848
1,8,0.3506642416708889
1,9,0.16009245497243627
1,10,0.3788798802172491
1,11,0.33017022227548654
1,12,0.2704768666188088
1,13,0.6511122247143926
1,14,0.42090272725587397
1,15,0.2261087630297357
1,16,0.6729626647819323
1,17,0.4183596454345195
1,18,0.4575531413642815
1,19,0.25836072081932404
1,20,0.5223343234003412
1,21,0.22666876330409416
1,22,0.4511712720862663
1,23,0.43170586061228833
1,24,0.6892752925015303
1,25,0.5812810682617215
1,26,0.6152842634605048
1,27,0.4309286910134172
1,28,0.4925879030913436
1,29,0.6607853096994045
1,30,0.26518461507281815
1,31,0.5509154886964323
1,32,0.23053280918555677
1,33,0.4199353134044237
1,34,0.4019354742615202
1,35,0.6095896937997516
1,36,0.11113876464368963
1,37,0.6231435529796678
1,38,0.21353981435926656
1,39,0.321688263345785
1,40,0.20813794784871134
1,41,0.5072372971457084
1,42,0.6070257957971593
1,43,0.49324825238881215
1,44,0.358856642425231
1,45,0.3103632647159227
1,46,0.03628948036392837
1,47,0.29783586811097806
1,48,0.31614278805774243
1,49,0.5178553386803348
2,0,0.2691155204871324
2,1,0.5894350117648223
2,3,0.9031250973370207
2,4,0.9485673109070756
2,5,0.7479853166036295
2,6,0.815424866327917
2,7,0.25713102847222125
2,8,0.4920187550651469
2,9,0.4329724825647671
2,10,0.4774074138481965
2,11,0.9161819004224624
2,12,0.809108615931817
2,13,0.20733352311630493
2,14,0.6295806388706866
2,15,0.8072383469151663
2,16,0.14815993397138663
2,17,0.17222742355241324
2,18,0.8555936682144961
2,19,0.6104721997901256
2,20,0.1303081347724098
2,21,0.8153305249439399
2,22,0.4378595779989982
2,23,0.9093968302936377
2,24,0.529198940421342
2,25,0.17683470748936594
2,26,0.6417189118400155
2,27,0.942729235574943
2,28,0.4013067402050966
2,29,0.6580207863987171
2,30,0.7782983527175696
2,31,0.9979692628964221
2,32,0.7735707766236151
2,33,0.6415011065782147
2,34,0.5429931729988268
2,35,0.05187146281860048
2,36,0.6993822801288427
2,37,0.3397333501265913
2,38,0.4939844437124823
2,39,0.7040033791219722
2,40,0.7074115154132607
2,41,0.734321921587385
2,42,0.03005600736955234
2,43,0.4741434841093179
2,44,0.622923576190008
2,45,0.4399478202372859
2,46,0.6178427747176676
2,47,0.29500219906161573
2,48,0.3630630072471651
2,49,0.23288372592858408
3,0,0.6709923389124842
3,1,0.5248534894337374
3,2,0.9031250973370207
3,4,0.9402166731177375
3,5,0.2833489927200029
3,6,0.7306698665437529
3,7,0.7341151899571243
3,8,0.41251746167768605
3,9,0.5688721437285774
3,10,0.4319307000203987
3,11,0.46832304116541995
3,12,0.6833137057087083
3,13,1.0518099919201684
3,14,0.2874205912939528
3,15,0.4308044574264572
3,16,1.0363617528664422
3,17,0.777102420721609
3,18,0.9315889862721647
3,19,0.31373240749463105
3,20,0.7818422350190298
3,21,0.48077123246479125
3,22,0.4968167646601514
3,23,0.8558584337897941
3,24,0.6238256604122447
3,25,0.788538175533578
3,26,0.4336255261907734
3,27,0.23572920393110874
3,28,0.9839881783257839
3,29,0.4702122928496047
3,30,0.7106323606893111
3,31,0.13306821616533962
3,32,0.34070793795610516
3,33,0.2738341538048189
3,34,0.9241545540098879
3,35,0.9456228281219144
3,36,0.48405856310219075
3,37,0.7091380649964641
3,38,0.4367203621242778
3,39,0.21889269501685193
3,40,0.32039559069500395
3,41,0.21911193083915825
3,42,0.9042147855779575
3,43,0.48773161132997006
3,44,0.8824952498842346
3,45,0.8167451813908475
3,46,0.539164161087245
3,47,0.7018853968904349
3,48,0.7941789776524547
3,49,0.7045300955657022
4,0,0.7450695685699298
4,1,0.5048525356206676
4,2,0.9485673109070756
4,3,0.9402166731177375
4,5,1.0740211165796774
4,6,0.21443741626649482
4,7,0.7095161140876699
4,8,0.855122440415572
4,9,0.6207679238257996
4,10,0.8825075517493425
4,11,0.5016269553958124
4,12,0.2592365865589249
4,13,0.9005771790895317
4,14,0.9178879033280885
4,15,0.5096500886624218
4,16,0.9628918122754622
4,17,0.7913378923229117
4,18,0.10377332017597214
4,19,0.7504886477595664
4,20,0.9367323523658065
4,21,0.4600446795677834
4,22,0.9503565518555055
4,23,0.08448244233853347
4,24,1.187853514142946
4,25,1.0121341793296474
4,26,1.1193492693267661
4,27,0.7466435712048939
4,28,0.625200935281417
4,29,1.1651915147232448
4,30,0.24377084149459796
4,31,0.9049227439728363
4,32,0.6012986075853097
4,33,0.9148552178893086
4,34,0.44106922442536584
4,35,0.9437507473319428
4,36,0.4767741246951989
4,37,1.0957458787572238
4,38,0.7174835935389118
4,39,0.7865037958481624
4,40,0.643485411402936
4,41,0.9905210609174321
4,42,0.9752302800784065
4,43,0.9950178690636817
4,44,0.33832378269241875
4,45,0.510172412526359
4,46,0.471019811778852
4,47,0.682129805695122
4,48,0.585506288751614
4,49,0.970226181373471
5,0,0.5781887811418122
5,1,0.5842839904345494
5,2,0.7479853166036295
5,3,0.2833489927200029
5,4,1.0740211165796774
5,6,0.860081174246346
5,7,0.6538796091983565
5,8,0.29381389850241396
5,9,0.546940312564664
5,10,0.290740719946414
5,11,0.6736876730330013
5,12,0.8178805442635408
5,13,0.9303113922332232
5,14,0.16728655675121565
5,15,0.5984473665197346
5,16,0.8937296419487734
5,17,0.6662675703923857
5,18,1.0392507023732294
5,19,0.32655333338282677
5,20,0.6179382821180721
5,21,0.6457701388275391
5,22,0.3101960271122558
5,23,0.9936508695501338
5,24,0.3556784563366312
5,25,0.5987440006027154
5,26,0.15800314263302678
5,27,0.48995259373954125
5,28,0.9408441646996403
5,29,0.18877298900645612
5,30,0.8305984890504878
5,31,0.41638734142925016
5,32,0.4999372485880144
5,33,0.16552959059153066
5,34,0.9352066916498756
5,35,0.7971169668270632
5,36,0.5979346373803041
5,37,0.48073492445611243
5,38,0.40212769535822573
5,39,0.29417453913865776
5,40,0.4375166666094474
5,41,0.08827140961526488
5,42,0.7405394921203119
5,43,0.2767355232307663
5,44,0.9255241940077369
5,45,0.8068795845485393
5,46,0.6126781581755375
5,47,0.6336505021027197
5,48,0.7587181643842497
5,49,0.5210552725932753
6,0,0.5806861580260855
6,1,0.30095396842922
6,2,0.815424866327917
6,3,0.7306698665437529
6,4,0.21443741626649482
6,5,0.860081174246346
6,7,0.5615632597414699
6,8,0.6506596560001674
6,9,0.4361716252020248
6,10,0.679488756133961
6,11,0.31918110152458307
6,12,0.04806556374567422
6,13,0.8107722905895717
6,14,0.7055087101036441
6,15,0.3031553877058888
6,16,0.8587279435180324
6,17,0.6471252825617237
6,18,0.20608928712899033
6,19,0.5378732208083947
6,20,0.7802687379188097
6,21,0.25550743614152943
6,22,0.7519201105160214
6,23,0.1338902035303367
6,24,0.9900853917061008
6,25,0.8498716130172657
6,26,0.9101375147090166
6,27,0.5500404845250503
6,28,0.5654363008222298
6,29,0.9564478718015689
6,30,0.03832913843932614
6,31,0.7052594436738558
6,32,0.3901943280700023
6,33,0.7020123759675919
6,34,0.3951631293266826
6,35,0.8207460484021448
6,36,0.2624217363730741
6,37,0.9142750499097606
6,38,0.5142653668536478
6,39,0.572073124075863
6,40,0.4292200692468716
6,41,0.7762344437730845
6,42,0.8390371473828838
6,43,0.7941856784523322
6,44,0.2928278574339551
6,45,0.4047526103821967
6,46,0.2653775467550605
6,47,0.5278342280662378
6,48,0.46447930594094033
6,49,0.797637314189997
7,0,0.07723829023452183
7,1,0.3377575362397848
7,2,0.25713102847222125
7,3,0.7341151899571243
7,4,0.7095161140876699
7,5,0.6538796091983565
7,6,0.5615632597414699
7,8,0.36110952719218403
7,9,0.19081737375951074
7,10,0.36375156927592145
7,11,0.6676087874573277
7,12,0.5529962154828777
7,13,0.32741792493902133
7,14,0.5006482086732172
7,15,0.5611265632859461
7,16,0.3371812308582557
7,17,0.08577665711210654
7,18,0.6234644269002547
7,19,0.421411918130917
7,20,0.22793974516347087
7,21,0.5643966215212372
7,22,0.37374885404030406
7,23,0.6627187204338871
7,24,0.5668756047976751
7,25,0.3059437158825075
7,26,0.5983419394692662
7,27,0.7256915375837073
7,28,0.2935416484014
7,29,0.6307965162944997
7,30,0.5239344207598564
7,31,0.8068838609727962
7,32,0.5407225557969134
7,33,0.5090286163522854
7,34,0.3538849278346658
7,35,0.2723890865637012
7,36,0.4488239017419813
7,37,0.4195024191486248
7,38,0.2976397099160331
7,39,0.5181047129951298
7,40,0.48438895591613157
7,41,0.6117519563982465
7,42,0.27869245095211703
7,43,0.4238828757570625
7,44,0.4058832835771827
7,45,0.22361716060723166
7,46,0.36376205156644204
7,47,0.04008625818266611
7,48,0.1451588625559977
7,49,0.2811037987618559
8,0,0.28665769371625516
8,1,0.3506642416708889
8,2,0.4920187550651469
8,3,0.41251746167768605
8,4,0.855122440415572
8,5,0.29381389850241396
8,6,0.6506596560001674
8,7,0.36110952719218403
8,9,0.26577381499648806
8,10,0.032574337323326874
8,11,0.5685554867448568
8,12,0.6167790021441554
8,13,0.6539519105882184
8,14,0.14236919739338727
8,15,0.4644789496290748
8,16,0.6294266190335204
8,17,0.3819201343820126
8,18,0.8018116206193757
8,19,0.16258639302050015
8,20,0.36933285070432065
8,21,0.49886604019342945
8,22,0.11818593661658537
8,23,0.7822896438685621
8,24,0.34610929497484477
8,25,0.38021225879581405
8,26,0.27216407841468576
8,27,0.49556321315296664
8,28,0.6470862787723153
8,29,0.31523851232173444
8,30,0.6155765707965414
8,31,0.5166626479986915
8,32,0.385619524711807
8,33,0.1526569095537394
8,34,0.6509843695854494
8,35,0.5362717587561631
8,36,0.4092469150870872
8,37,0.33510279687975925
8,38,0.1377607097674164
8,39,0.2331771337840379
8,40,0.30572502860829925
8,41,0.2529028622610482
8,42,0.49198987442174036
8,43,0.14800927348743445
8,44,0.6541941163901219
8,45,0.5191089604140096
8,46,0.3855294433184672
8,47,0.3398579840821586
8,48,0.4664374627411134
8,49,0.2961573744758292
9,0,0.16551848197469876
9,1,0.16009245497243627
9,2,0.4329724825647671
9,3,0.5688721437285774
9,4,0.6207679238257996
9,5,0.546940312564664
9,6,0.4361716252020248
9,7,0.19081737375951074
9,8,0.26577381499648806
9,10,0.28483977393724313
9,11,0.48321212983617884
9,12,0.41469526448946725
9,13,0.5166724517048308
9,14,0.38069458027416236
9,15,0.37447056843977494
9,16,0.5274149278458429
9,17,0.2645789571832407
9,18,0.5540069921839813
9,19,0.2577393014236208
9,20,0.3622847454888623
9,21,0.38310055104498725
9,22,0.33749851728352454
9,23,0.5574982045099242
9,24,0.5709926973131226
9,25,0.4227892556402465
9,26,0.5367269995640833
9,27,0.5370653711673607
9,28,0.4158809092746105
9,29,0.5781338347409166
9,30,0.3980819062182582
9,31,0.6278383891993151
9,32,0.3499096989901541
9,33,0.38502007315917136
9,34,0.3883371703800978
9,35,0.456853961403038
9,36,0.26740240696748896
9,37,0.47839912314044253
9,38,0.14640031541461562
9,39,0.3500031940000027
9,40,0.2956905449862106
9,41,0.4859489645704676
9,42,0.44910541277195704
9,43,0.38590991750687115
9,44,0.38889264037319493
9,45,0.2612968273160114
9,46,0.19260727296273406
9,47,0.1514259366686441
9,48,0.22595723902183396
9,49,0.3633787803061991
10,0,0.2876079202285928
10,1,0.3788798802172491
10,2,0.4774074138481965
10,3,0.4319307000203987
10,4,0.8825075517493425
10,5,0.290740719946414
10,6,0.679488756133961
10,7,0.36375156927592145
10,8,0.032574337323326874
10,9,0.28483977393724313
10,11,0.6011254046694393
10,12,0.6463737347528175
10,13,0.6461474531046417
10,14,0.1522069500608514
10,15,0.4970037348508393
10,16,0.617613372283803
10,17,0.37718443399762364
10,18,0.8271936257567477
10,19,0.1945408088896179
10,20,0.35202419144093744
10,21,0.5311701002137312
10,22,0.08579813029803886
10,23,0.810560480106508
10,24,0.31467172022261686
10,25,0.35725272427159466
10,26,0.2521270145150816
10,27,0.5248023081117844
10,28,0.6534942471441104
10,29,0.2933376011805616
10,30,0.6440460085937865
10,31,0.5402179939369471
10,32,0.41808792614497653
10,33,0.16411652263442314
10,34,0.6660315390075368
10,35,0.5231591764919266
10,36,0.4405065269428043
10,37,0.30430501181919567
10,38,0.16534336655082696
10,39,0.2614078276452404
10,40,0.3381928630749604
10,41,0.25940120154468993
10,42,0.4756011619592388
10,43,0.11646105401673354
10,44,0.6737037567594838
10,45,0.5327526060042591
10,46,0.4141348580841788
10,47,0.34570044086880103
10,48,0.4764781752501837
10,49,0.27308928327881987
11,0,0.6480288317617112
11,1,0.33017022227548654
11,2,0.9161819004224624
11,3,0.46832304116541995
11,4,0.5016269553958124
11,5,0.6736876730330013
11,6,0.31918110152458307
11,7,0.6676087874573277
11,8,0.5685554867448568
11,9,0.48321212983617884
11,10,0.6011254046694393
11,12,0.2736476086248928
11,13,0.9791072412118406
11,14,0.5556799626680907
11,15,0.1108039709110113
11,16,1.003109087436911
11,17,0.7467249779485157
11,18,0.5224240007954857
11,19,0.4103516808990479
11,20,0.8378270272374525
11,21,0.1059459327253921
11,22,0.6864719518389428
11,23,0.41892971912662885
11,24,0.9068783529272627
11,25,0.8870483778357036
11,26,0.7714964196187898
11,27,0.2497327915208576
11,28,0.792039375679147
11,29,0.8181794740525515
11,30,0.3174477750490372
11,31,0.4089331341700112
11,32,0.18561083217700364
11,33,0.5467044964742246
11,34,0.6564709028960294
11,35,0.9386853601399202
11,36,0.21906564255060873
11,37,0.8942777053329275
11,38,0.4651797691995565
11,39,0.3874353934808817
11,40,0.26436094093648727
11,41,0.5854997341101774
11,42,0.9319950305533167
11,43,0.7132032689012499
11,44,0.5725949419815601
11,45,0.6082670648976705
11,46,0.30803611442774
11,47,0.6275859680538414
11,48,0.6346226744881729
11,49,0.813947503523479
12,0,0.5658870258840929
12,1,0.2704768666188088
12,2,0.809108615931817
12,3,0.6833137057087083
12,4,0.2592365865589249
12,5,0.8178805442635408
12,6,0.04806556374567422
12,7,0.5529962154828777
12,8,0.6167790021441554
12,9,0.41469526448946725
12,10,0.6463737347528175
12,11,0.2736476086248928
12,13,0.8167133811900177
12,14,0.6654866363523405
12,15,0.2551710136433529
12,16,0.8604779565240384
12,17,0.6387699104473505
12,18,0.2540051493109776
12,19,0.4979071792944547
12,20,0.7665759614687135
12,21,0.20744220958023601
12,22,0.7210700798396491
12,23,0.1764703557449384
12,24,0.9589068887275451
12,25,0.8337047824123739
12,26,0.8725171427847069
12,27,0.5021159229552548
12,28,0.5817010744015256
12,29,0.9190978227998149
12,30,0.048198862891364824
12,31,0.6572004119817564
12,32,0.3431124033538221
12,33,0.6614824371780753
12,34,0.41849102602440336
12,35,0.8174446201045829
12,36,0.22007266760694116
12,37,0.8905273369860086
12,38,0.4818453551318138
12,39,0.5281372469378051
12,40,0.38461649933062264
12,41,0.7332930515063503
12,42,0.8316079705658621
12,43,0.7619232641247142
12,44,0.3204841143139358
12,45,0.4130131390096786
12,46,0.23425292085671628
12,47,0.5175059079590916
12,48,0.46649169634786747
12,49,0.7779356228013933
13,0,0.3814790874452005
13,1,0.6511122247143926
13,2,0.20733352311630493
13,3,1.0518099919201684
13,4,0.9005771790895317
13,5,0.9303113922332232
13,6,0.8107722905895717
13,7,0.32741792493902133
13,8,0.6539519105882184
13,9,0.5166724517048308
13,10,0.6461474531046417
13,11,0.9791072412118406
13,12,0.8167133811900177
13,14,0.7960600185293202
13,15,0.8772207891576274
13,16,0.08635634641480114
13,17,0.2748064704025106
13,18,0.7995418031070913
13,19,0.7431810538259345
13,20,0.3276556309511124
13,21,0.8735818767549789
13,22,0.6225349542806815
13,23,0.8790477002781758
13,24,0.7356452921935301
13,25,0.38399949428696495
13,26,0.8372219692745531
13,27,1.0530028656601067
13,28,0.28374250684155783
13,29,0.8572358827858715
13,30,0.7773693952536446
13,31,1.1317336077292464
13,32,0.8656752229950141
13,33,0.8066073199741565
13,34,0.46233254095073634
13,35,0.15713922319717508
13,36,0.7610198357649928
13,37,0.5469083833273025
13,38,0.6197080036058484
13,39,0.8399419961550924
13,40,0.8116110299533117
13,41,0.9053591335341493
13,42,0.230380144699156
13,43,0.6641733283133291
13,44,0.5622551148029162
13,45,0.4061801787983079
13,46,0.6710736602837808
13,47,0.36560760057010266
13,48,0.35215745068159987
13,49,0.43272336207711043
14,0,0.4276248935456984
14,1,0.42090272725587397
14,2,0.6295806388706866
14,3,0.2874205912939528
14,4,0.9178879033280885
14,5,0.16728655675121565
14,6,0.7055087101036441
14,7,0.5006482086732172
14,8,0.14236919739338727
14,9,0.38069458027416236
14,10,0.1522069500608514
14,11,0.5556799626680907
14,12,0.6654866363523405
14,13,0.7960600185293202
14,15,0.4661050142457153
14,16,0.7695698746891211
14,17,0.5242829131806593
14,18,0.8779259410242831
14,19,0.1676541549766802
14,20,0.503579539396599
14,21,0.5096298668475447
14,22,0.20946767850774206
14,23,0.8393955346628683
14,24,0.3672076442950981
14,25,0.5033254433056458
14,26,0.2162861586588307
14,27,0.4221542481934899
14,28,0.7814008730570132
14,29,0.26329266794430717
14,30,0.6741472882649819
14,31,0.4059015248462798
14,32,0.37184983646014075
14,33,0.013752152492397234
14,34,0.7686155765584591
14,35,0.6753300517040182
14,36,0.4460980025818546
14,37,0.4237374573736723
14,38,0.23515970703718492
14,39,0.17062867544655447
14,40,0.2988445737088906
14,41,0.11114316759562136
14,42,0.6273703780306078
14,43,0.20296717662603297
14,44,0.75834258268696
14,45,0.6414563871433373
14,46,0.4509536079660108
14,47,0.47669228766216526
14,48,0.5963708017306731
14,49,0.41983040509029296
15,0,0.538579984669368
15,1,0.2261087630297357
15,2,0.8072383469151663
15,3,0.4308044574264572
15,4,0.5096500886624218
15,5,0.5984473665197346
15,6,0.3031553877058888
15,7,0.5611265632859461
15,8,0.4644789496290748
15,9,0.37447056843977494
15,10,0.4970037348508393
15,11,0.1108039709110113
15,12,0.2551710136433529
15,13,0.8772207891576274
15,14,0.4661050142457153
15,16,0.8977550560793806
15,17,0.638754773057331
15,18,0.5080258773286913
15,19,0.3108913316404166
15,20,0.7272037794329311
15,21,0.05019263049689701
15,22,0.5816308330564405
15,23,0.42521648851853217
15,24,0.8068099638325377
15,25,0.776274097839029
15,26,0.682202379606661
15,27,0.25222602900254826
15,28,0.7050913858098903
15,29,0.7293004394293764
15,30,0.2882056855445499
15,31,0.403376164449996
15,32,0.09888089006305159
15,33,0.4585700268186674
15,34,0.5844446012415775
15,35,0.8309733223152912
15,36,0.11771579188619734
15,37,0.7861085283560485
15,38,0.355752508147342
15,39,0.3049145278431162
15,40,0.16753297757630642
15,41,0.510573290413504
15,42,0.822499929919197
15,43,0.6109516595824407
15,44,0.5117117696616268
15,45,0.5203147568863427
15,46,0.20907594807751265
15,47,0.5210407382788789
15,48,0.5384077952578967
15,49,0.703464612075382
16,0,0.37632096754569117
16,1,0.6729626647819323
16,2,0.14815993397138663
16,3,1.0363617528664422
16,4,0.9628918122754622
16,5,0.8937296419487734
16,6,0.8587279435180324
16,7,0.3371812308582557
16,8,0.6294266190335204
16,9,0.5274149278458429
16,10,0.617613372283803
16,11,1.003109087436911
16,12,0.8604779565240384
16,13,0.08635634641480114
16,14,0.7695698746891211
16,15,0.8977550560793806
16,17,0.26745886783323425
16,18,0.8636648291484441
16,19,0.7346769384246041
16,20,0.2777859664856413
16,21,0.8988275194192897
16,22,0.5835967457289676
16,23,0.935862228450874
16,24,0.6737030136374649
16,25,0.3213413984076041
16,26,0.7898286892785521
16,27,1.0568865962655534
16,28,0.3585279547551296
16,29,0.8060875058448134
16,30,0.8237937925566798
16,31,1.1244221370901886
16,32,0.8767933737171092
16,33,0.7809801828481044
16,34,0.5303177829421462
16,35,0.09706148444469871
16,36,0.7840434689572466
16,37,0.4829125911962279
16,38,0.6134783632368673
16,39,0.8304092440954646
16,40,0.8170151543184051
16,41,0.8763724172477042
16,42,0.1639204678738243
16,43,0.6213382957874974
16,44,0.6257278549888329
16,45,0.45825459366467847
16,46,0.6965064987126599
16,47,0.37718474639832417
16,48,0.3944169431610344
16,49,0.3810396784644997
17,0,0.10905868808069406
17,1,0.4183596454345195
17,2,0.17222742355241324
17,3,0.777102420721609
17,4,0.7913378923229117
17,5,0.6662675703923857
17,6,0.6471252825617237
17,7,0.08577665711210654
17,8,0.3819201343820126
17,9,0.2645789571832407
17,10,0.37718443399762364
17,11,0.7467249779485157
17,12,0.6387699104473505
17,13,0.2748064704025106
17,14,0.5242829131806593
17,15,0.638754773057331
17,16,0.26745886783323425
17,18,0.7029722593363296
17,19,0.4700138684868294
17,20,0.15334711213249655
17,21,0.6447882844152122
17,22,0.367334990027385
17,23,0.7466646917251691
17,24,0.5315937263740054
17,25,0.2342495810625334
17,26,0.5910549285628959
17,27,0.7894478220175017
17,28,0.31981390981911834
17,29,0.6184176186279035
17,30,0.6095670556049015
17,31,0.8595598124532964
17,32,0.6113652815497534
17,33,0.5342861824102062
17,34,0.4155657654277927
17,35,0.19227830466692344
17,36,0.5288698133849686
17,37,0.3668597499525496
17,38,0.347435496543903
17,39,0.5664927132142555
17,40,0.5498777808549613
17,41,0.6346317384134809
17,42,0.19300733203995454
17,43,0.41431405282820144
17,44,0.4790710542851162
17,45,0.29380198365235144
17,46,0.4460447620797477
17,47,0.12279671739555387
17,48,0.21339830864699597
17,49,0.22780241862039807
18,0,0.6650915715379749
18,1,0.4575531413642815
18,2,0.8555936682144961
18,3,0.9315889862721647
18,4,0.10377332017597214
18,5,1.0392507023732294
18,6,0.20608928712899033
18,7,0.6234644269002547
18,8,0.8018116206193757
18,9,0.5540069921839813
18,10,0.8271936257567477
18,11,0.5224240007954857
18,12,0.2540051493109776
18,13,0.7995418031070913
18,14,0.8779259410242831
18,15,0.5080258773286913
18,16,0.8636648291484441
18,17,0.7029722593363296
18,19,0.7128030485033805
18,20,0.8514025813071824
18,21,0.46119157590854554
18,22,0.8896325466229492
18,23,0.1280188348181273
18,24,1.1249005356158832
18,25,0.9285910142395023
18,26,1.071038465674256
18,27,0.7561140851000759
18,28,0.5224053166542533
18,29,1.1158161398901087
18,30,0.22111425118464878
18,31,0.9109383354495061
18,32,0.591100989520685
18,33,0.8763459524931994
18,34,0.33854103918719886
18,35,0.8482863033843391
18,36,0.4520872984500428
18,37,1.021274340391676
18,38,0.6644471299225544
18,39,0.7602830696759123
18,40,0.6214120284418736
18,41,0.9589133405675363
18,42,0.8829310826714939
18,43,0.9363226521366893
18,44,0.23794554302972445
18,45,0.41569490439235146
18,46,0.427023268338364
18,47,0.5988849199267046
18,48,0.4932740123022305
18,49,0.8917579676231395
19,0,0.3618116099711064
19,1,0.25836072081932404
19,2,0.6104721997901256
19,3,0.31373240749463105
19,4,0.7504886477595664
19,5,0.32655333338282677
19,6,0.5378732208083947
19,7,0.421411918130917
19,8,0.16258639302050015
19,9,0.2577393014236208
19,10,0.1945408088896179
19,11,0.4103516808990479
19,12,0.4979071792944547
19,13,0.7431810538259345
19,14,0.1676541549766802
19,15,0.3108913316404166
19,16,0.7346769384246041
19,17,0.4700138684868294
19,18,0.7128030485033805
19,20,0.49999160288936295
19,21,0.3503626915419632
19,22,0.2802563113459304
19,23,0.6717626951607447
19,24,0.49674360146363916
19,25,0.526116706979753
19,26,0.37772589873509427
19,27,0.34081761136139416
19,28,0.6735684660077944
19,29,0.4248073224703472
19,30,0.506718812671166
19,31,0.3897868835243592
19,32,0.22539193135804128
19,33,0.16439220041432856
19,34,0.6317040923109614
19,35,0.6483989055077171
19,36,0.278889604960274
19,37,0.4971244666399485
19,38,0.12387678717492176
19,39,0.09684885065998329
19,40,0.14599125841764057
19,41,0.24906781833893657
19,42,0.6163296504888166
19,43,0.3032406426203962
19,44,0.6082147870340787
19,45,0.5138569092643489
19,46,0.2861291386595144
19,47,0.3883774110251698
19,48,0.4836818769574708
19,49,0.4440945451023488
20,0,0.20089669283690367
20,1,0.5223343234003412
20,2,0.1303081347724098
20,3,0.7818422350190298
20,4,0.9367323523658065
20,5,0.6179382821180721
20,6,0.7802687379188097
20,7,0.22793974516347087
20,8,0.36933285070432065
20,9,0.3622847454888623
20,10,0.35202419144093744
20,11,0.8378270272374525
20,12,0.7665759614687135
20,13,0.3276556309511124
20,14,0.503579539396599
20,15,0.7272037794329311
20,16,0.2777859664856413
20,17,0.15334711213249655
20,18,0.8514025813071824
20,19,0.49999160288936295
20,21,0.7419628887543832
20,22,0.3079935848355528
20,23,0.8874639895251124
20,24,0.4117925650794822
20,25,0.08115872045632391
20,26,0.5124239240421712
20,27,0.8383783589743881
20,28,0.4609223101213202
20,29,0.5303188129576509
20,30,0.7420948016731208
20,31,0.8821614582241225
20,32,0.6816635351947058
20,33,0.5158876108942119
20,34,0.5687583214234254
20,35,0.1807302167142584
20,36,0.6275255781292562
20,37,0.2296324267707935
20,38,0.391212713227742
20,39,0.5901593856053754
20,40,0.6102605755495404
20,41,0.606436230735806
20,42,0.12395418624191394
20,43,0.3438434521451532
20,44,0.6312625003645969
20,45,0.4464431116497761
20,46,0.5546343802300825
20,47,0.25509503719383564
20,48,0.36605804634683364
20,49,0.10507708806289412
21,0,0.5485796338745218
21,1,0.22666876330409416
21,2,0.8153305249439399
21,3,0.48077123246479125
21,4,0.4600446795677834
21,5,0.6457701388275391
21,6,0.25550743614152943
21,7,0.5643966215212372
21,8,0.49886604019342945
21,9,0.38310055104498725
21,10,0.5311701002137312
21,11,0.1059459327253921
21,12,0.20744220958023601
21,13,0.8735818767549789
21,14,0.5096298668475447
21,15,0.05019263049689701
21,16,0.8988275194192897
21,17,0.6447882844152122
21,18,0.46119157590854554
21,19,0.3503626915419632
21,20,0.7419628887543832
21,22,0.6146558565610779
21,23,0.37557427066313837
21,24,0.8435215562473483
21,25,0.794962915441831
21,26,0.7251286638954463
21,27,0.2956933306043299
21,28,0.6876283380340555
21,29,0.7722911595122224
21,30,0.24304850096814776
21,31,0.44978350721355265
21,32,0.14782318108833892
21,33,0.502686273173858
21,34,0.5573753573552779
21,35,0.8362332975802094
21,36,0.11595540279041158
21,37,0.8138922320225549
21,38,0.38267208115215934
21,39,0.351705983582482
21,40,0.2110237755538159
21,41,0.5581685565744202
21,42,0.8321251185517269
21,43,0.6464175016814888
21,44,0.47890313029054515
21,45,0.5034185427005343
21,46,0.20270755947849314
21,47,0.5244988507234869
21,48,0.5286814487842286
21,49,0.7248844627423997
22,0,0.296836925821457
22,1,0.4511712720862663
22,2,0.4378595779989982
22,3,0.4968167646601514
22,4,0.9503565518555055
22,5,0.3101960271122558
22,6,0.7519201105160214
22,7,0.37374885404030406
22,8,0.11818593661658537
22,9,0.33749851728352454
22,10,0.08579813029803886
22,11,0.6864719518389428
22,12,0.7210700798396491
22,13,0.6225349542806815
22,14,0.20946767850774206
22,15,0.5816308330564405
22,16,0.5835967457289676
22,17,0.367334990027385
22,18,0.8896325466229492
22,19,0.2802563113459304
22,20,0.3079935848355528
22,21,0.6146558565610779
22,23,0.8810804643298569
22,24,0.23817752440139464
22,25,0.296471586916797
22,26,0.2251434290134219
22,27,0.606918208588717
22,28,0.6672713834546244
22,29,0.25727888161231455
22,30,0.7155795769924178
22,31,0.6122699291609128
22,32,0.5038031436600573
22,33,0.2229971165823986
22,34,0.7021063738386768
22,35,0.48692795623986157
22,36,0.5205987363116482
22,37,0.2214475880368022
22,38,0.23998850673097955
22,39,0.3429328930895514
22,40,0.4239093890135716
22,41,0.3025108676129845
22,42,0.4311620622986587
22,43,0.05096717087877461
22,44,0.7212978888158366
22,45,0.5667354541232349
22,46,0.48713843667885154
22,47,0.36450098355351723
22,48,0.5022548829156698
22,49,0.21466368403659644
23,0,0.6914762990759447
23,1,0.43170586061228833
23,2,0.9093968302936377
23,3,0.8558584337897941
23,4,0.08448244233853347
23,5,0.9936508695501338
23,6,0.1338902035303367
23,7,0.6627187204338871
23,8,0.7822896438685621
23,9,0.5574982045099242
23,10,0.810560480106508
23,11,0.41892971912662885
23,12,0.1764703557449384
23,13,0.8790477002781758
23,14,0.8393955346628683
23,15,0.42521648851853217
23,16,0.935862228450874
23,17,0.7466646917251691
23,18,0.1280188348181273
23,19,0.6717626951607447
23,20,0.8874639895251124
23,21,0.37557427066313837
23,22,0.8810804643298569
23,24,1.1191637609332197
23,25,0.9605287877983145
23,26,1.0434991382413839
23,27,0.6627261798163899
23,28,0.6130012077827017
23,29,1.0896933236205206
23,30,0.16685589192657263
23,31,0.8207964599619918
23,32,0.5172888146835175
23,33,0.8358955900639504
23,34,0.4304014800266916
23,35,0.9088205318273129
23,36,0.3957503262390188
23,37,1.0353703997088008
23,38,0.6452185227514108
23,39,0.7045789400283587
23,40,0.5610804158046746
23,41,0.9094569694198092
23,42,0.934879067191202
23,43,0.9244425273769092
23,44,0.3235161147800686
23,45,0.4779732862608527
23,46,0.3968101769208889
23,47,0.6324576811192945
23,48,0.5484209550792692
23,49,0.9137995202420185
24,0,0.4961709155391617
24,1,0.6892752925015303
24,2,0.529198940421342
24,3,0.6238256604122447
24,4,1.187853514142946
24,5,0.3556784563366312
24,6,0.9900853917061008
24,7,0.5668756047976751
24,8,0.34610929497484477
24,9,0.5709926973131226
24,10,0.31467172022261686
24,11,0.9068783529272627
24,12,0.9589068887275451
24,13,0.7356452921935301
24,14,0.3672076442950981
24,15,0.8068099638325377
24,16,0.6737030136374649
24,17,0.5315937263740054
24,18,1.1249005356158832
24,19,0.49674360146363916
24,20,0.4117925650794822
24,21,0.8435215562473483
24,22,0.23817752440139464
24,23,1.1191637609332197
24,25,0.35269189288617525
24,26,0.1980149405337426
24,27,0.7890309827142129
24,28,0.8505885850888779
24,29,0.17956678982833132
24,30,0.9537548876736934
24,31,0.7542550774176796
24,32,0.7214357820608797
24,33,0.379525162377696
24,34,0.9151278086898991
24,35,0.580773891000275
24,36,0.7551769881045434
24,37,0.19113961042581462
24,38,0.4772038200327379
24,39,0.5344389778441186
24,40,0.6426150814048823
24,41,0.4047142284707724
24,42,0.5098966460015016
24,43,0.1982142391859469
24,44,0.9461800948277856
24,45,0.7800665446375808
24,46,0.7251814928000564
24,47,0.56903752039969
24,48,0.7080363111866345
24,49,0.3100847125691934
25,0,0.26945584459379185
25,1,0.5812810682617215
25,2,0.17683470748936594
25,3,0.788538175533578
25,4,1.0121341793296474
25,5,0.5987440006027154
25,6,0.8498716130172657
25,7,0.3059437158825075
25,8,0.38021225879581405
25,9,0.4227892556402465
25,10,0.35725272427159466
25,11,0.8870483778357036
25,12,0.8337047824123739
25,13,0.38399949428696495
25,14,0.5033254433056458
25,15,0.776274097839029
25,16,0.3213413984076041
25,17,0.2342495810625334
25,18,0.9285910142395023
25,19,0.526116706979753
25,20,0.08115872045632391
25,21,0.794962915441831
25,22,0.296471586916797
25,23,0.9605287877983145
25,24,0.35269189288617525
25,26,0.47789023732117536
25,27,0.8669317656841538
25,28,0.5402158659833036
25,29,0.4893738482366667
25,30,0.8115692438491259
25,31,0.896799319950765
25,32,0.7227902270438672
25,33,0.5164510936610703
25,34,0.6497896239362155
25,35,0.2281818855172142
25,36,0.68253971810669
25,37,0.1629165270979012
25,38,0.4284109949318168
25,39,0.6104568456589721
25,40,0.6479724556562746
25,41,0.5988874598851629
25,42,0.1574209497356835
25,43,0.32219368002688903
25,44,0.7109105960716005
25,45,0.5265386936580534
25,46,0.615031274756217
25,47,0.3301312180926187
25,48,0.44625212147399373
25,49,0.0841763287571267
26,0,0.5212085952398701
26,1,0.6152842634605048
26,2,0.6417189118400155
26,3,0.4336255261907734
26,4,1.1193492693267661
26,5,0.15800314263302678
26,6,0.9101375147090166
26,7,0.5983419394692662
26,8,0.27216407841468576
26,9,0.5367269995640833
26,10,0.2521270145150816
26,11,0.7714964196187898
26,12,0.8725171427847069
26,13,0.8372219692745531
26,14,0.2162861586588307
26,15,0.682202379606661
26,16,0.7898286892785521
26,17,0.5910549285628959
26,18,1.071038465674256
26,19,0.37772589873509427
26,20,0.5124239240421712
26,21,0.7251286638954463
26,22,0.2251434290134219
26,23,1.0434991382413839
26,24,0.1980149405337426
26,25,0.47789023732117536
26,27,0.6194720789453333
26,28,0.8918516164297935
26,29,0.047172285628314145
26,30,0.8768712677473055
26,31,0.5660363426438079
26,32,0.5881051112438009
26,33,0.22479956754357333
26,34,0.9170410352384277
26,35,0.6929108511286335
26,36,0.6555983326521129
26,37,0.3408296140157616
26,38,0.40731301504770084
26,39,0.3846679197824228
26,40,0.5147669571170509
26,41,0.21690416900339152
26,42,0.6295369986722402
26,43,0.1767497942928257
26,44,0.9256095786893569
26,45,0.7828925836324926
26,46,0.6484147594050719
26,47,0.5870212063751586
26,48,0.7227604524520408
26,49,0.4089046144452724
27,0,0.6808504532734662
27,1,0.4309286910134172
27,2,0.942729235574943
27,3,0.23572920393110874
27,4,0.7466435712048939
27,5,0.48995259373954125
27,6,0.5500404845250503
27,7,0.7256915375837073
27,8,0.49556321315296664
27,9,0.5370653711673607
27,10,0.5248023081117844
27,11,0.2497327915208576
27,12,0.5021159229552548
27,13,1.0530028656601067
27,14,0.4221542481934899
27,15,0.25222602900254826
27,16,1.0568865962655534
27,17,0.7894478220175017
27,18,0.7561140851000759
27,19,0.34081761136139416
27,20,0.8383783589743881
27,21,0.2956933306043299
27,22,0.606918208588717
27,23,0.6627261798163899
27,24,0.7890309827142129
27,25,0.8669317656841538
27,26,0.6194720789453333
27,28,0.9231572458710607
27,29,0.6625297783101057
27,30,0.5387259185801246
27,31,0.1592650629941854
27,32,0.200790591374092
27,33,0.4095844566305349
27,34,0.8231180909859421
27,35,0.9766203907121032
27,36,0.34781394490967915
27,37,0.828260188897115
27,38,0.44902733008882995
27,39,0.26398775462260293
27,40,0.24144607800118725
27,41,0.4076580561100264
27,42,0.9512490283003879
27,43,0.6166948918462872
27,44,0.7586997555849058
27,45,0.741246808988484
27,46,0.42937894725781584
27,47,0.6874504216620219
27,48,0.7420681296628314
27,49,0.7847995258615231
28,0,0.3706440436784627
28,1,0.4925879030913436
28,2,0.4013067402050966
28,3,0.9839881783257839
28,4,0.625200935281417
28,5,0.9408441646996403
28,6,0.5654363008222298
28,7,0.2935416484014
28,8,0.6470862787723153
28,9,0.4158809092746105
28,10,0.6534942471441104
28,11,0.792039375679147
28,12,0.5817010744015256
28,13,0.28374250684155783
28,14,0.7814008730570132
28,15,0.7050913858098903
28,16,0.3585279547551296
28,17,0.31981390981911834
28,18,0.5224053166542533
28,19,0.6735684660077944
28,20,0.4609223101213202
28,21,0.6876283380340555
28,22,0.6672713834546244
28,23,0.6130012077827017
28,24,0.8505885850888779
28,25,0.5402158659833036
28,26,0.8918516164297935
28,27,0.9231572458710607
28,29,0.9241957358179627
28,30,0.536998007721143
28,31,1.0339487838533665
28,32,0.7231006310117731
28,33,0.7881738101744484
28,34,0.18420950181256832
28,35,0.3737766593052532
28,36,0.5887236120244328
28,37,0.6852443027148086
28,38,0.5572288586835438
28,39,0.7653836196937623
28,40,0.6908647071084527
28,41,0.891196286296642
28,42,0.43136185689780937
28,43,0.7172972616679967
28,44,0.2897587555079162
28,45,0.18477667061386308
28,46,0.4989743505767703
28,47,0.30780087526461103
28,48,0.18994789405365392
28,49,0.5470981367702631
29,0,0.5540371052222407
29,1,0.6607853096994045
29,2,0.6580207863987171
29,3,0.4702122928496047
29,4,1.1651915147232448
29,5,0.18877298900645612
29,6,0.9564478718015689
29,7,0.6307965162944997
29,8,0.31523851232173444
29,9,0.5781338347409166
29,10,0.2933376011805616
29,11,0.8181794740525515
29,12,0.9190978227998149
29,13,0.8572358827858715
29,14,0.26329266794430717
29,15,0.7293004394293764
29,16,0.8060875058448134
29,17,0.6184176186279035
29,18,1.1158161398901087
29,19,0.4248073224703472
29,20,0.5303188129576509
29,21,0.7722911595122224
29,22,0.25727888161231455
29,23,1.0896933236205206
29,24,0.17956678982833132
29,25,0.4893738482366667
29,26,0.047172285628314145
29,27,0.6625297783101057
29,28,0.9241957358179627
29,30,0.922986960411794
29,31,0.6031624887943796
29,32,0.6350323167864373
29,33,0.2715817120122537
29,34,0.9555017534529368
29,35,0.7096505404437767
29,36,0.7024866021383954
29,37,0.34312657479294834
29,38,0.45155763523620074
29,39,0.43109707778373924
29,40,0.5618887085830956
29,41,0.2569597786384122
29,42,0.6439641930061207
29,43,0.20691387234036607
29,44,0.9669138586338375
29,45,0.8207909264849794
29,46,0.6941806045845316
29,47,0.6215865218044646
29,48,0.7586683160112914
29,49,0.4255631929301341
30,0,0.5424161789474992
30,1,0.26518461507281815
30,2,0.7782983527175696
30,3,0.7106323606893111
30,4,0.24377084149459796
30,5,0.8305984890504878
30,6,0.03832913843932614
30,7,0.5239344207598564
30,8,0.6155765707965414
30,9,0.3980819062182582
30,10,0.6440460085937865
30,11,0.3174477750490372
30,12,0.048198862891364824
30,13,0.7773693952536446
30,14,0.6741472882649819
30,15,0.2882056855445499
30,16,0.8237937925566798
30,17,0.6095670556049015
30,18,0.22111425118464878
30,19,0.506718812671166
30,20,0.7420948016731208
30,21,0.24304850096814776
30,22,0.7155795769924178
30,23,0.16685589192657263
30,24,0.9537548876736934
30,25,0.8115692438491259
30,26,0.8768712677473055
30,27,0.5387259185801246
30,28,0.536998007721143
30,29,0.922986960411794
30,31,0.6915815808337376
30,32,0.3700347233260759
30,33,0.671084593124251
30,34,0.37131334981492037
30,35,0.7843107905507294
30,36,0.23488520198195495
30,37,0.876301527982682
30,38,0.47871630242751506
30,39,0.5450501977624066
30,40,0.4035726895460979
30,41,0.7476528711656452
30,42,0.8016998942350205
30,43,0.7583244960883166
30,44,0.2724486818095659
30,45,0.3719945129161435
30,46,0.23004832089754013
30,47,0.4899389358644459
30,48,0.4293796743893441
30,49,0.7593465623307774
31,0,0.7509885451842157
31,1,0.5509154886964323
31,2,0.9979692628964221
31,3,0.13306821616533962
31,4,0.9049227439728363
31,5,0.41638734142925016
31,6,0.7052594436738558
31,7,0.8068838609727962
31,8,0.5166626479986915
31,9,0.6278383891993151
31,10,0.5402179939369471
31,11,0.4089331341700112
31,12,0.6572004119817564
31,13,1.1317336077292464
31,14,0.4059015248462798
31,15,0.403376164449996
31,16,1.1244221370901886
31,17,0.8595598124532964
31,18,0.9109383354495061
31,19,0.3897868835243592
31,20,0.8821614582241225
31,21,0.44978350721355265
31,22,0.6122699291609128
31,23,0.8207964599619918
31,24,0.7542550774176796
31,25,0.896799319950765
31,26,0.5660363426438079
31,27,0.1592650629941854
31,28,1.0339487838533665
31,29,0.6031624887943796
31,30,0.6915815808337376
31,32,0.3329825685780746
31,33,0.3921541578814285
31,34,0.9518870226978536
31,35,1.0373569264213467
31,36,0.48490707680632733
31,37,0.8295795252720021
31,38,0.5122746880678348
31,39,0.2942609824409749
31,40,0.3443348576352287
31,41,0.35021707569006333
31,42,1.00195209212102
31,43,0.6087912104562649
31,44,0.8964962775161857
31,45,0.8575852543941895
31,46,0.5568025207192211
31,47,0.7714626661496947
31,48,0.8468465284910339
31,49,0.812671365099378
32,0,0.5054682628569791
32,1,0.23053280918555677
32,2,0.7735707766236151
32,3,0.34070793795610516
32,4,0.6012986075853097
32,5,0.4999372485880144
32,6,0.3901943280700023
32,7,0.5407225557969134
32,8,0.385619524711807
32,9,0.3499096989901541
32,10,0.41808792614497653
32,11,0.18561083217700364
32,12,0.3431124033538221
32,13,0.8656752229950141
32,14,0.37184983646014075
32,15,0.09888089006305159
32,16,0.8767933737171092
32,17,0.6113652815497534
32,18,0.591100989520685
32,19,0.22539193135804128
32,20,0.6816635351947058
32,21,0.14782318108833892
32,22,0.5038031436600573
32,23,0.5172888146835175
32,24,0.7214357820608797
32,25,0.7227902270438672
32,26,0.5881051112438009
32,27,0.200790591374092
32,28,0.7231006310117731
32,29,0.6350323167864373
32,30,0.3700347233260759
32,31,0.3329825685780746
32,33,0.3635353599115224
32,34,0.6237064100499935
32,35,0.8025242022879091
32,36,0.15192789148455835
32,37,0.7159205297871158
32,38,0.2945533745876027
32,39,0.207165419981506
32,40,0.07989535157520714
32,41,0.41194356018036915
32,42,0.7857332624959251
32,43,0.5286165936247584
32,44,0.5638963879858648
32,45,0.5406394022208477
32,46,0.22886719047581186
32,47,0.5012702846379138
32,48,0.5441568574952812
32,49,0.6456122755676533
33,0,0.4365990535992932
33,1,0.4199353134044237
33,2,0.6415011065782147
33,3,0.2738341538048189
33,4,0.9148552178893086
33,5,0.16552959059153066
33,6,0.7020123759675919
33,7,0.5090286163522854
33,8,0.1526569095537394
33,9,0.38502007315917136
33,10,0.16411652263442314
33,11,0.5467044964742246
33,12,0.6614824371780753
33,13,0.8066073199741565
33,14,0.013752152492397234
33,15,0.4585700268186674
33,16,0.7809801828481044
33,17,0.5342861824102062
33,18,0.8763459524931994
33,19,0.16439220041432856
33,20,0.5158876108942119
33,21,0.502686273173858
33,22,0.2229971165823986
33,23,0.8358955900639504
33,24,0.379525162377696
33,25,0.5164510936610703
33,26,0.22479956754357333
33,27,0.4095844566305349
33,28,0.7881738101744484
33,29,0.2715817120122537
33,30,0.671084593124251
33,31,0.3921541578814285
33,32,0.3635353599115224
33,34,0.7723926435699741
33,35,0.6869848058844995
33,36,0.44173921669868654
33,37,0.43748958372227703
33,38,0.23893040302123172
33,39,0.16045790146205632
33,40,0.29169298095966895
33,41,0.10312285601096383
33,42,0.6396015241778861
33,43,0.2166963247415064
33,44,0.7602457293466255
33,45,0.6461299725474678
33,46,0.44933113688276094
33,47,0.4843500240433015
33,48,0.6024110645579728
33,49,0.43286212665233614
34,0,0.41940332595442176
34,1,0.4019354742615202
34,2,0.5429931729988268
34,3,0.9241545540098879
34,4,0.44106922442536584
34,5,0.9352066916498756
34,6,0.3951631293266826
34,7,0.3538849278346658
34,8,0.6509843695854494
34,9,0.3883371703800978
34,10,0.6660315390075368
34,11,0.6564709028960294
34,12,0.41849102602440336
34,13,0.46233254095073634
34,14,0.7686155765584591
34,15,0.5844446012415775
34,16,0.5303177829421462
34,17,0.4155657654277927
34,18,0.33854103918719886
34,19,0.6317040923109614
34,20,0.5687583214234254
34,21,0.5573753573552779
34,22,0.7021063738386768
34,23,0.4304014800266916
34,24,0.9151278086898991
34,25,0.6497896239362155
34,26,0.9170410352384277
34,27,0.8231180909859421
34,28,0.18420950181256832
34,29,0.9555017534529368
34,30,0.37131334981492037
34,31,0.9518870226978536
34,32,0.6237064100499935
34,33,0.7723926435699741
34,35,0.5268415838655702
34,36,0.4758610572481028
34,37,0.7733378009041638
34,38,0.5335229614549301
34,39,0.712659441034265
34,40,0.6100713110281091
34,41,0.8718969473039835
34,42,0.5721989379311369
34,43,0.752971997258699
34,44,0.10712121310464494
34,45,0.13559203286843863
34,46,0.39554626522435804
34,47,0.34630382523272596
34,48,0.20888461092216384
34,49,0.6345465466217308
35,0,0.29726073358018723
35,1,0.6095896937997516
35,2,0.05187146281860048
35,3,0.9456228281219144
35,4,0.9437507473319428
35,5,0.7971169668270632
35,6,0.8207460484021448
35,7,0.2723890865637012
35,8,0.5362717587561631
35,9,0.456853961403038
35,10,0.5231591764919266
35,11,0.9386853601399202
35,12,0.8174446201045829
35,13,0.15713922319717508
35,14,0.6753300517040182
35,15,0.8309733223152912
35,16,0.09706148444469871
35,17,0.19227830466692344
35,18,0.8482863033843391
35,19,0.6483989055077171
35,20,0.1807302167142584
35,21,0.8362332975802094
35,22,0.48692795623986157
35,23,0.9088205318273129
35,24,0.580773891000275
35,25,0.2281818855172142
35,26,0.6929108511286335
35,27,0.9766203907121032
35,28,0.3737766593052532
35,29,0.7096505404437767
35,30,0.7843107905507294
35,31,1.0373569264213467
35,32,0.8025242022879091
35,33,0.6869848058844995
35,34,0.5268415838655702
35,36,0.7204278775077853
35,37,0.3909431321397757
35,38,0.5294328004147911
35,39,0.7430999901580669
35,40,0.7389668122595866
35,41,0.781245467443454
35,42,0.07330261413213227
35,43,0.524313576557556
35,44,0.6126848082274448
35,45,0.43357957887579623
35,46,0.6361364650925315
35,47,0.31196489742330336
35,48,0.3604023682064959
35,49,0.28428509848451233
36,0,0.43292068635027436
36,1,0.11113876464368963
36,2,0.6993822801288427
36,3,0.48405856310219075
36,4,0.4767741246951989
36,5,0.5979346373803041
36,6,0.2624217363730741
36,7,0.4488239017419813
36,8,0.4092469150870872
36,9,0.26740240696748896
36,10,0.4405065269428043
36,11,0.21906564255060873
36,12,0.22007266760694116
36,13,0.7610198357649928
36,14,0.4460980025818546
36,15,0.11771579188619734
36,16,0.7840434689572466
36,17,0.5288698133849686
36,18,0.4520872984500428
36,19,0.278889604960274
36,20,0.6275255781292562
36,21,0.11595540279041158
36,22,0.5205987363116482
36,23,0.3957503262390188
36,24,0.7551769881045434
36,25,0.68253971810669
36,26,0.6555983326521129
36,27,0.34781394490967915
36,28,0.5887236120244328
36,29,0.7024866021383954
36,30,0.23488520198195495
36,31,0.48490707680632733
36,32,0.15192789148455835
36,33,0.44173921669868654
36,34,0.4758610572481028
36,35,0.7204278775077853
36,37,0.7101631033791066
36,38,0.2821431442935709
36,39,0.31019227082053197
36,40,0.16933432659414224
36,41,0.513816557538524
36,42,0.7162804803681869
36,43,0.5569630481431529
36,44,0.41225396419610943
36,45,0.4040536124992938
36,46,0.09136146714338474
36,47,0.4088607325698226
36,48,0.42069902161505146
36,49,0.6146797063783731
37,0,0.360308696091412
37,1,0.6231435529796678
37,2,0.3397333501265913
37,3,0.7091380649964641
37,4,1.0957458787572238
37,5,0.48073492445611243
37,6,0.9142750499097606
37,7,0.4195024191486248
37,8,0.33510279687975925
37,9,0.47839912314044253
37,10,0.30430501181919567
37,11,0.8942777053329275
37,12,0.8905273369860086
37,13,0.5469083833273025
37,14,0.4237374573736723
37,15,0.7861085283560485
37,16,0.4829125911962279
37,17,0.3668597499525496
37,18,1.021274340391676
37,19,0.4971244666399485
37,20,0.2296324267707935
37,21,0.8138922320225549
37,22,0.2214475880368022
37,23,1.0353703997088008
37,24,0.19113961042581462
37,25,0.1629165270979012
37,26,0.3408296140157616
37,27,0.828260188897115
37,28,0.6852443027148086
37,29,0.34312657479294834
37,30,0.876301527982682
37,31,0.8295795252720021
37,32,0.7159205297871158
37,33,0.43748958372227703
37,34,0.7733378009041638
37,35,0.3909431321397757
37,36,0.7101631033791066
37,38,0.4312559182842835
37,39,0.564304555539593
37,40,0.636585908220602
37,41,0.5005378892580892
37,42,0.31933654208542084
37,43,0.22141975644297715
37,44,0.8201683030832859
37,45,0.6422192948210153
37,46,0.6591642936999056
37,47,0.43188590328190496
37,48,0.5646519114247537
37,49,0.13956399174245612
38,0,0.2387192365135465
38,1,0.21353981435926656
38,2,0.4939844437124823
38,3,0.4367203621242778
38,4,0.7174835935389118
38,5,0.40212769535822573
38,6,0.5142653668536478
38,7,0.2976397099160331
38,8,0.1377607097674164
38,9,0.14640031541461562
38,10,0.16534336655082696
38,11,0.4651797691995565
38,12,0.4818453551318138
38,13,0.6197080036058484
38,14,0.23515970703718492
38,15,0.355752508147342
38,16,0.6134783632368673
38,17,0.347435496543903
38,18,0.6644471299225544
38,19,0.12387678717492176
38,20,0.391212713227742
38,21,0.38267208115215934
38,22,0.23998850673097955
38,23,0.6452185227514108
38,24,0.4772038200327379
38,25,0.4284109949318168
38,26,0.40731301504770084
38,27,0.44902733008882995
38,28,0.5572288586835438
38,29,0.45155763523620074
38,30,0.47871630242751506
38,31,0.5122746880678348
38,32,0.2945533745876027
38,33,0.23893040302123172
38,34,0.5335229614549301
38,35,0.5294328004147911
38,36,0.2821431442935709
38,37,0.4312559182842835
38,39,0.2207036739632585
38,40,0.21988863620246404
38,41,0.33954924580117984
38,42,0.502231341233254
38,43,0.28012703743969136
38,44,0.5256233471140745
38,45,0.4076968950348892
38,46,0.24888783477084805
38,47,0.2652467075020732
38,48,0.3684713688071915
38,49,0.35119874941773305
39,0,0.45850916974952405
39,1,0.321688263345785
39,2,0.7040033791219722
39,3,0.21889269501685193
39,4,0.7865037958481624
39,5,0.29417453913865776
39,6,0.572073124075863
39,7,0.5181047129951298
39,8,0.2331771337840379
39,9,0.3500031940000027
39,10,0.2614078276452404
39,11,0.3874353934808817
39,12,0.5281372469378051
39,13,0.8399419961550924
39,14,0.17062867544655447
39,15,0.3049145278431162
39,16,0.8304092440954646
39,17,0.5664927132142555
39,18,0.7602830696759123
39,19,0.09684885065998329
39,20,0.5901593856053754
39,21,0.351705983582482
39,22,0.3429328930895514
39,23,0.7045789400283587
39,24,0.5344389778441186
39,25,0.6104568456589721
39,26,0.3846679197824228
39,27,0.26398775462260293
39,28,0.7653836196937623
39,29,0.43109707778373924
39,30,0.5450501977624066
39,31,0.2942609824409749
39,32,0.207165419981506
39,33,0.16045790146205632
39,34,0.712659441034265
39,35,0.7430999901580669
39,36,0.31019227082053197
39,37,0.564304555539593
39,38,0.2207036739632585
39,40,0.14420511844763625
39,41,0.2070436530943284
39,42,0.7086365970490035
39,43,0.3541276309405805
39,44,0.6798299674988509
39,45,0.6004842951025409
39,46,0.3427049546572727
39,47,0.48467683748424034
39,48,0.5754935385503606
39,49,0.5270290273943634
40,0,0.44198366154632146
40,1,0.20813794784871134
40,2,0.7074115154132607
40,3,0.32039559069500395
40,4,0.643485411402936
40,5,0.4375166666094474
40,6,0.4292200692468716
40,7,0.48438895591613157
40,8,0.30572502860829925
40,9,0.2956905449862106
40,10,0.3381928630749604
40,11,0.26436094093648727
40,12,0.38461649933062264
40,13,0.8116110299533117
40,14,0.2988445737088906
40,15,0.16753297757630642
40,16,0.8170151543184051
40,17,0.5498777808549613
40,18,0.6214120284418736
40,19,0.14599125841764057
40,20,0.6102605755495404
40,21,0.2110237755538159
40,22,0.4239093890135716
40,23,0.5610804158046746
40,24,0.6426150814048823
40,25,0.6479724556562746
40,26,0.5147669571170509
40,27,0.24144607800118725
40,28,0.6908647071084527
40,29,0.5618887085830956
40,30,0.4035726895460979
40,31,0.3443348576352287
40,32,0.07989535157520714
40,33,0.29169298095966895
40,34,0.6100713110281091
40,35,0.7389668122595866
40,36,0.16933432659414224
40,37,0.636585908220602
40,38,0.21988863620246404
40,39,0.14420511844763625
40,41,0.3510015917661217
40,42,0.7179481614375972
40,43,0.44902589298999795
40,44,0.5627714700972777
40,45,0.513285903315444
40,46,0.21918153317797442
40,47,0.44602745733230015
40,48,0.5056770807084537
40,49,0.5694938240446985
41,0,0.5387405942901196
41,1,0.5072372971457084
41,2,0.734321921587385
41,3,0.21911193083915825
41,4,0.9905210609174321
41,5,0.08827140961526488
41,6,0.7762344437730845
41,7,0.6117519563982465
41,8,0.2529028622610482
41,9,0.4859489645704676
41,10,0.25940120154468993
41,11,0.5854997341101774
41,12,0.7332930515063503
41,13,0.9053591335341493
41,14,0.11114316759562136
41,15,0.510573290413504
41,16,0.8763724172477042
41,17,0.6346317384134809
41,18,0.9589133405675363
41,19,0.24906781833893657
41,20,0.606436230735806
41,21,0.5581685565744202
41,22,0.3025108676129845
41,23,0.9094569694198092
41,24,0.4047142284707724
41,25,0.5988874598851629
41,26,0.21690416900339152
41,27,0.4076580561100264
41,28,0.891196286296642
41,29,0.2569597786384122
41,30,0.7476528711656452
41,31,0.35021707569006333
41,32,0.41194356018036915
41,33,0.10312285601096383
41,34,0.8718969473039835
41,35,0.781245467443454
41,36,0.513816557538524
41,37,0.5005378892580892
41,38,0.33954924580117984
41,39,0.2070436530943284
41,40,0.3510015917661217
41,42,0.7303720224290278
41,43,0.28203949848751586
41,44,0.8553767154349359
41,45,0.7472457912177204
41,46,0.533876185692892
41,47,0.5874268068038263
41,48,0.7050536269942612
41,49,0.5170585108552459
42,0,0.28396984427216354
42,1,0.6070257957971593
42,2,0.03005600736955234
42,3,0.9042147855779575
42,4,0.9752302800784065
42,5,0.7405394921203119
42,6,0.8390371473828838
42,7,0.27869245095211703
42,8,0.49198987442174036
42,9,0.44910541277195704
42,10,0.4756011619592388
42,11,0.9319950305533167
42,12,0.8316079705658621
42,13,0.230380144699156
42,14,0.6273703780306078
42,15,0.822499929919197
42,16,0.1639204678738243
42,17,0.19300733203995454
42,18,0.8829310826714939
42,19,0.6163296504888166
42,20,0.12395418624191394
42,21,0.8321251185517269
42,22,0.4311620622986587
42,23,0.934879067191202
42,24,0.5098966460015016
42,25,0.1574209497356835
42,26,0.6295369986722402
42,27,0.9512490283003879
42,28,0.43136185689780937
42,29,0.6439641930061207
42,30,0.8016998942350205
42,31,1.00195209212102
42,32,0.7857332624959251
42,33,0.6396015241778861
42,34,0.5721989379311369
42,35,0.07330261413213227
42,36,0.7162804803681869
42,37,0.31933654208542084
42,38,0.502231341233254
42,39,0.7086365970490035
42,40,0.7179481614375972
42,41,0.7303720224290278
42,43,0.4650742477300073
42,44,0.6510614707934982
42,45,0.46748925371540245
42,46,0.6362982933406862
42,47,0.31546949245616024
42,48,0.3899122935789768
42,49,0.22123383813872696
43,0,0.34716420932353675
43,1,0.49324825238881215
43,2,0.4741434841093179
43,3,0.48773161132997006
43,4,0.9950178690636817
43,5,0.2767355232307663
43,6,0.7941856784523322
43,7,0.4238828757570625
43,8,0.14800927348743445
43,9,0.38590991750687115
43,10,0.11646105401673354
43,11,0.7132032689012499
43,12,0.7619232641247142
43,13,0.6641733283133291
43,14,0.20296717662603297
43,15,0.6109516595824407
43,16,0.6213382957874974
43,17,0.41431405282820144
43,18,0.9363226521366893
43,19,0.3032406426203962
43,20,0.3438434521451532
43,21,0.6464175016814888
43,22,0.05096717087877461
43,23,0.9244425273769092
43,24,0.1982142391859469
43,25,0.32219368002688903
43,26,0.1767497942928257
43,27,0.6166948918462872
43,28,0.7172972616679967
43,29,0.20691387234036607
43,30,0.7583244960883166
43,31,0.6087912104562649
43,32,0.5286165936247584
43,33,0.2166963247415064
43,34,0.752971997258699
43,35,0.524313576557556
43,36,0.5569630481431529
43,37,0.22141975644297715
43,38,0.28012703743969136
43,39,0.3541276309405805
43,40,0.44902589298999795
43,41,0.28203949848751586
43,42,0.4650742477300073
43,44,0.77118232925465
43,45,0.6176366744176127
43,46,0.528866181017332
43,47,0.41529812107192815
43,48,0.5531904132873349
43,49,0.24460664223415723
44,0,0.4599531175455009
44,1,0.358856642425231
44,2,0.622923576190008
44,3,0.8824952498842346
44,4,0.33832378269241875
44,5,0.9255241940077369
44,6,0.2928278574339551
44,7,0.4058832835771827
44,8,0.6541941163901219
44,9,0.38889264037319493
44,10,0.6737037567594838
44,11,0.5725949419815601
44,12,0.3204841143139358
44,13,0.5622551148029162
44,14,0.75834258268696
44,15,0.5117117696616268
44,16,0.6257278549888329
44,17,0.4790710542851162
44,18,0.23794554302972445
44,19,0.6082147870340787
44,20,0.6312625003645969
44,21,0.47890313029054515
44,22,0.7212978888158366
44,23,0.3235161147800686
44,24,0.9461800948277856
44,25,0.7109105960716005
44,26,0.9256095786893569
44,27,0.7586997555849058
44,28,0.2897587555079162
44,29,0.9669138586338375
44,30,0.2724486818095659
44,31,0.8964962775161857
44,32,0.5638963879858648
44,33,0.7602457293466255
44,34,0.10712121310464494
44,35,0.6126848082274448
44,36,0.41225396419610943
44,37,0.8201683030832859
44,38,0.5256233471140745
44,39,0.6798299674988509
44,40,0.5627714700972777
44,41,0.8553767154349359
44,42,0.6510614707934982
44,43,0.77118232925465
44,45,0.18546484783491676
44,46,0.34359032116771887
44,47,0.3884844185039496
44,48,0.2657281010519275
44,49,0.6845146946246043
45,0,0.2851470619450193
45,1,0.3103632647159227
45,2,0.4399478202372859
45,3,0.8167451813908475
45,4,0.510172412526359
45,5,0.8068795845485393
45,6,0.4047526103821967
45,7,0.22361716060723166
45,8,0.5191089604140096
45,9,0.2612968273160114
45,10,0.5327526060042591
45,11,0.6082670648976705
45,12,0.4130131390096786
45,13,0.4061801787983079
45,14,0.6414563871433373
45,15,0.5203147568863427
45,16,0.45825459366467847
45,17,0.29380198365235144
45,18,0.41569490439235146
45,19,0.5138569092643489
45,20,0.4464431116497761
45,21,0.5034185427005343
45,22,0.5667354541232349
45,23,0.4779732862608527
45,24,0.7800665446375808
45,25,0.5265386936580534
45,26,0.7828925836324926
45,27,0.741246808988484
45,28,0.18477667061386308
45,29,0.8207909264849794
45,30,0.3719945129161435
45,31,0.8575852543941895
45,32,0.5406394022208477
45,33,0.6461299725474678
45,34,0.13559203286843863
45,35,0.43357957887579623
45,36,0.4040536124992938
45,37,0.6422192948210153
45,38,0.4076968950348892
45,39,0.6004842951025409
45,40,0.513285903315444
45,41,0.7472457912177204
45,42,0.46748925371540245
45,43,0.6176366744176127
45,44,0.18546484783491676
45,46,0.314719628432979
45,47,0.21203958572374557
45,48,0.08041654609774972
45,49,0.5045063674512249
46,0,0.3557797850100136
46,1,0.03628948036392837
46,2,0.6178427747176676
46,3,0.539164161087245
46,4,0.471019811778852
46,5,0.6126781581755375
46,6,0.2653775467550605
46,7,0.36376205156644204
46,8,0.3855294433184672
46,9,0.19260727296273406
46,10,0.4141348580841788
46,11,0.30803611442774
46,12,0.23425292085671628
46,13,0.6710736602837808
46,14,0.4509536079660108
46,15,0.20907594807751265
46,16,0.6965064987126599
46,17,0.4460447620797477
46,18,0.427023268338364
46,19,0.2861291386595144
46,20,0.5546343802300825
46,21,0.20270755947849314
46,22,0.48713843667885154
46,23,0.3968101769208889
46,24,0.7251814928000564
46,25,0.615031274756217
46,26,0.6484147594050719
46,27,0.42937894725781584
46,28,0.4989743505767703
46,29,0.6941806045845316
46,30,0.23004832089754013
46,31,0.5568025207192211
46,32,0.22886719047581186
46,33,0.44933113688276094
46,34,0.39554626522435804
46,35,0.6361364650925315
46,36,0.09136146714338474
46,37,0.6591642936999056
46,38,0.24888783477084805
46,39,0.3427049546572727
46,40,0.21918153317797442
46,41,0.533876185692892
46,42,0.6362982933406862
46,43,0.528866181017332
46,44,0.34359032116771887
46,45,0.314719628432979
46,47,0.3242317847588001
46,48,0.32933914081337534
46,49,0.5527587822173134
47,0,0.07313864800267103
47,1,0.29783586811097806
47,2,0.29500219906161573
47,3,0.7018853968904349
47,4,0.682129805695122
47,5,0.6336505021027197
47,6,0.5278342280662378
47,7,0.04008625818266611
47,8,0.3398579840821586
47,9,0.1514259366686441
47,10,0.34570044086880103
47,11,0.6275859680538414
47,12,0.5175059079590916
47,13,0.36560760057010266
47,14,0.47669228766216526
47,15,0.5210407382788789
47,16,0.37718474639832417
47,17,0.12279671739555387
47,18,0.5988849199267046
47,19,0.3883774110251698
47,20,0.25509503719383564
47,21,0.5244988507234869
47,22,0.36450098355351723
47,23,0.6324576811192945
47,24,0.56903752039969
47,25,0.3301312180926187
47,26,0.5870212063751586
47,27,0.6874504216620219
47,28,0.30780087526461103
47,29,0.6215865218044646
47,30,0.4899389358644459
47,31,0.7714626661496947
47,32,0.5012702846379138
47,33,0.4843500240433015
47,34,0.34630382523272596
47,35,0.31196489742330336
47,36,0.4088607325698226
47,37,0.43188590328190496
47,38,0.2652467075020732
47,39,0.48467683748424034
47,40,0.44602745733230015
47,41,0.5874268068038263
47,42,0.31546949245616024
47,43,0.41529812107192815
47,44,0.3884844185039496
47,45,0.21203958572374557
47,46,0.3242317847588001
47,48,0.13942094685361045
47,49,0.29621687983817696
48,0,0.21188797921778696
48,1,0.31614278805774243
48,2,0.3630630072471651
48,3,0.7941789776524547
48,4,0.585506288751614
48,5,0.7587181643842497
48,6,0.46447930594094033
48,7,0.1451588625559977
48,8,0.4664374627411134
48,9,0.22595723902183396
48,10,0.4764781752501837
48,11,0.6346226744881729
48,12,0.46649169634786747
48,13,0.35215745068159987
48,14,0.5963708017306731
48,15,0.5384077952578967
48,16,0.3944169431610344
48,17,0.21339830864699597
48,18,0.4932740123022305
48,19,0.4836818769574708
48,20,0.36605804634683364
48,21,0.5286814487842286
48,22,0.5022548829156698
48,23,0.5484209550792692
48,24,0.7080363111866345
48,25,0.44625212147399373
48,26,0.7227604524520408
48,27,0.7420681296628314
48,28,0.18994789405365392
48,29,0.7586683160112914
48,30,0.4293796743893441
48,31,0.8468465284910339
48,32,0.5441568574952812
48,33,0.6024110645579728
48,34,0.20888461092216384
48,35,0.3604023682064959
48,36,0.42069902161505146
48,37,0.5646519114247537
48,38,0.3684713688071915
48,39,0.5754935385503606
48,40,0.5056770807084537
48,41,0.7050536269942612
48,42,0.3899122935789768
48,43,0.5531904132873349
48,44,0.2657281010519275
48,45,0.08041654609774972
48,46,0.32933914081337534
48,47,0.13942094685361045
48,49,0.4261889850898769
49,0,0.22683909122396995
49,1,0.5178553386803348
49,2,0.23288372592858408
49,3,0.7045300955657022
49,4,0.970226181373471
49,5,0.5210552725932753
49,6,0.797637314189997
49,7,0.2811037987618559
49,8,0.2961573744758292
49,9,0.3633787803061991
49,10,0.27308928327881987
49,11,0.813947503523479
49,12,0.7779356228013933
49,13,0.43272336207711043
49,14,0.41983040509029296
49,15,0.703464612075382
49,16,0.3810396784644997
49,17,0.22780241862039807
49,18,0.8917579676231395
49,19,0.4440945451023488
49,20,0.10507708806289412
49,21,0.7248844627423997
49,22,0.21466368403659644
49,23,0.9137995202420185
49,24,0.3100847125691934
49,25,0.0841763287571267
49,26,0.4089046144452724
49,27,0.7847995258615231
49,28,0.5470981367702631
49,29,0.4255631929301341
49,30,0.7593465623307774
49,31,0.812671365099378
49,32,0.6456122755676533
49,33,0.43286212665233614
49,34,0.6345465466217308
49,35,0.28428509848451233
49,36,0.6146797063783731
49,37,0.13956399174245612
49,38,0.35119874941773305
49,39,0.5270290273943634
49,40,0.5694938240446985
49,41,0.5170585108552459
49,42,0.22123383813872696
49,43,0.24460664223415723
49,44,0.6845146946246043
49,45,0.5045063674512249
49,46,0.5527587822173134
49,47,0.29621687983817696
49,48,0.4261889850898769
