siteNum=50
demandLowerBound=0
demandUpperBound=1000
fixedCostLowerBound=500
fixedCostUpperBound=1500
coordinateLowerBound=0
coordinateUpperBound=1
facilityFailProbility=0.05
Coordinate: index, x, y
0,0.15716474598516383,0.3088158870525063
1,0.9361709509276884,0.3532141878573355
2,0.9008875828599143,0.29917507023249923
3,0.4700648896316826,0.37509969804519283
4,0.8390870741273951,0.4820068691609489
5,0.12345814713072456,0.2673882584424646
6,0.7298023042907243,0.8563065944358025
7,0.5259596144206597,0.014509414956487832
8,0.01574048472247147,0.7568698074486253
9,0.5679319938817027,0.40439058047499776
10,0.7186218736624203,0.8429120358945232
11,0.6796826930052056,0.3795834233703115
12,0.3906848530075808,0.5357508058129414
13,0.4759659666592829,0.751089904350329
14,0.04293566359588241,0.6497149385792078
15,0.7732946018834467,0.008643227720078972
16,0.8467853917858844,0.537569500309044
17,0.6467509392753784,0.052526057612737986
18,0.21209823941216377,0.0017462711123358288
19,0.7871297777567074,0.4637593084458961
20,0.7723210553016905,0.9528213765432454
21,0.3347274747107055,0.6674927979677936
22,0.6764042215789798,0.33556705357967975
23,0.06531577529963917,0.20965941212136707
24,0.774704602014772,0.5519861953375118
25,0.7470063112712304,0.8487852855300395
26,0.317944226668864,0.9323950181365156
27,0.5931194997997472,0.1366401808988612
28,0.01739441755969362,0.7917411683756846
29,0.7376761134869594,0.4462928468493974
30,0.5899904903860397,0.6718908050073568
31,0.4174433738314075,0.8303395415815801
32,0.4526462493034791,0.9473059540910976
33,0.9811556110144916,0.9181180365691498
34,0.9996247100853332,0.6829958020601733
35,0.2100874335406434,0.5171849719218388
36,0.9160783959278768,0.8838070977920105
37,0.4986241653914507,0.2502743147540547
38,0.06084243330027117,0.7309789459579691
39,0.19650711913940055,0.5503097577150053
40,0.429603844962689,0.4991994343982662
41,0.40608098310189855,0.49746190633889054
42,0.029317662743161277,0.9253838565948683
43,0.5721781148825028,0.027475016869654145
44,0.5330925600488073,0.01791237636486187
45,0.745508590824228,0.33446781449894114
46,0.3876855442986128,0.5542212641834796
47,0.4916261131347648,0.2624550018300754
48,0.8271081278333678,0.5971599602256524
49,0.4323928976095972,0.8405844887334578
Demand:index, demand
0,515
1,833
2,272
3,280
4,173
5,572
6,528
7,41
8,68
9,663
10,955
11,939
12,255
13,759
14,904
15,560
16,54
17,747
18,183
19,88
20,582
21,664
22,588
23,744
24,577
25,882
26,124
27,972
28,313
29,208
30,689
31,742
32,638
33,999
34,980
35,881
36,565
37,921
38,169
39,171
40,980
41,939
42,848
43,689
44,618
45,110
46,924
47,453
48,581
49,317
Fixcost:index, fixedCost
0,1263
1,972
2,1012
3,535
4,680
5,834
6,950
7,827
8,840
9,637
10,938
11,721
12,857
13,1347
14,509
15,677
16,809
17,933
18,586
19,1400
20,746
21,1043
22,802
23,554
24,582
25,619
26,1216
27,1058
28,941
29,605
30,720
31,971
32,580
33,1096
34,944
35,932
36,810
37,1424
38,716
39,1176
40,532
41,1005
42,1251
43,720
44,1306
45,1472
46,544
47,818
48,1290
49,1189
TransCost:start_index, end_index, transCost
0,1,0.7802703867591738
0,2,0.7437853208002856
0,3,0.319843779826537
0,4,0.7035717290387725
0,5,0.053407707482961954
0,6,0.7922498645334162
0,7,0.4718325492184269
0,8,0.4698437370616214
0,9,0.4217395570340774
0,10,0.7749147065499976
0,11,0.5272883927743252
0,12,0.3256241663890541
0,13,0.5451976932086774
0,14,0.35952808874314945
0,15,0.6853609448604
0,16,0.7265706095711033
0,17,0.5526111809714574
0,18,0.3119446068354733
0,19,0.6487398593334708
0,20,0.8905955060442067
0,21,0.4002219997153995
0,22,0.5199281276537225
0,23,0.13516005303624296
0,24,0.6636921519925437
0,25,0.7996749486080618
0,26,0.6439728054292421
0,27,0.4687227551154737
0,28,0.5027450368220802
0,29,0.5965679862964495
0,30,0.5649438211575498
0,31,0.5828652385816846
0,32,0.7035473576883055
0,33,1.0247975678432215
0,34,0.9218185287282977
0,35,0.2149848515300043
0,36,0.9521369757010025
0,37,0.34644141032569037
0,38,0.43301228184127005
0,39,0.2446775672041943
0,40,0.3323687075397456
0,41,0.31232453264665805
0,42,0.6296832042853602
0,43,0.5013868582230324
0,44,0.47533837833386205
0,45,0.5889027943062675
0,46,0.336695170116628
0,47,0.3376592036272484
0,48,0.729360294652985
0,49,0.5987723951388513
1,0,0.7802703867591738
1,2,0.06453791363126724
1,3,0.46661958374360885
1,4,0.16128494626575868
1,5,0.8172320304634716
1,6,0.5437738388996713
1,7,0.5319720516951032
1,8,1.0050522883643325
1,9,0.37177809597617834
1,10,0.5358466043479442
1,11,0.2578401889420051
1,12,0.5752170893834571
1,13,0.6083532800275645
1,14,0.9411599086836243
1,15,0.381127080706544
1,16,0.2048820622022827
1,17,0.41734553407795716
1,18,0.8048670623540972
1,19,0.18556264437144063
1,20,0.6215911590591284
1,21,0.6786054080663739
1,22,0.2603654643472111
1,23,0.882607903066115
1,24,0.25608922817831864
1,25,0.5304469565799076
1,26,0.8471450387924591
1,27,0.4056952040769468
1,28,1.0180649443479775
1,29,0.21923466252028212
1,30,0.4705270423461432
1,31,0.7047885515576027
1,32,0.7659903157269886
1,33,0.5666921368190542
1,34,0.33583074995816825
1,35,0.7443679817455015
1,36,0.5309732072707309
1,37,0.4494928330992764
1,38,0.9533657358194922
1,39,0.7654732181554442
1,40,0.527183009071206
1,41,0.5493657964204551
1,42,1.0722690968755497
1,43,0.4884637061317445
1,44,0.5243085866010992
1,45,0.19158173731938521
1,46,0.5841575866307368
1,47,0.4537150456582497
1,48,0.26721571667414656
1,49,0.7009437475154818
2,0,0.7437853208002856
2,1,0.06453791363126724
2,3,0.4374617035912094
2,4,0.19299422162078128
2,5,0.7780789991652399
2,6,0.5828084657966056
2,7,0.470749951472868
2,8,0.9964787292343348
2,9,0.34918437511924433
2,10,0.5734724723791113
2,11,0.23536589929292848
2,12,0.5623832360714538
2,13,0.620310726338262
2,14,0.9268007849960873
2,15,0.3173148598917533
2,16,0.2444564406403142
2,17,0.3541485126874269
2,18,0.7502630539972269
2,19,0.20007201126140398
2,20,0.6661702828572146
2,21,0.6754222506133584
2,22,0.22741406276641737
2,23,0.8403530797448264
2,24,0.2825519591718094
2,25,0.5707458580709622
2,26,0.8606918490091857
2,27,0.34804997227586143
2,28,1.0115243616306062
2,29,0.21973079877791044
2,30,0.48535968215074365
2,31,0.7182297674607667
2,32,0.7880316844643871
2,33,0.624126070534981
2,34,0.3963172649197355
2,35,0.7243846792513785
2,36,0.5848293498534516
2,37,0.40522480294247787
2,38,0.9445265694464186
2,39,0.7478104498655137
2,40,0.5119747140887917
2,41,0.5330583837978464
2,42,1.0732062102735684
2,43,0.42646316761868874
2,44,0.4630139109857316
2,45,0.15933677844076782
2,46,0.573083670533681
2,47,0.41090548064618
2,48,0.3069827399842633
2,49,0.7159688740087378
3,0,0.319843779826537
3,1,0.46661958374360885
3,2,0.4374617035912094
3,4,0.3841959342392385
3,5,0.3629572814649371
3,6,0.5468305054654925
3,7,0.36489666005216864
3,8,0.5934299295873251
3,9,0.10215637957465484
3,10,0.5297442380569254
3,11,0.2096657513375326
3,12,0.17919254627759637
3,13,0.3760365114552901
3,14,0.5077921878756078
3,15,0.4756454593869563
3,16,0.4102618351625812
3,17,0.36779303098419525
3,18,0.4538056566725317
3,19,0.32922738312318284
3,20,0.652013134447568
3,21,0.32219550083736537
3,22,0.21009224137719504
3,23,0.43725545595124454
3,24,0.3522700488051702
3,25,0.5487026396971297
3,26,0.5776839706067127
3,27,0.2683381791718726
3,28,0.6152240820099872
3,29,0.2769191787687821
3,30,0.32010484358740976
3,31,0.45827103232492555
3,32,0.5724713167390615
3,33,0.7457094886461609
3,34,0.6125631512803446
3,35,0.29627099542170793
3,36,0.6765436174821206
3,37,0.12805080454921797
3,38,0.5423219134986869
3,39,0.3248575361696375
3,40,0.13052907989643003
3,41,0.13808131775632213
3,42,0.7050324624871156
3,43,0.36231206125868853
3,44,0.36270548659674
3,45,0.27842446459886466
3,46,0.19715702369770602
3,47,0.11468964183545936
3,48,0.42046478328773246
3,49,0.46700671231258545
4,0,0.7035717290387725
4,1,0.16128494626575868
4,2,0.19299422162078128
4,3,0.3841959342392385
4,5,0.7471184037494581
4,6,0.3899274871807385
4,7,0.5626745735414436
4,8,0.8680145396989932
4,9,0.28204497125889133
4,10,0.38047917669440945
4,11,0.1894737949389728
4,12,0.45161151738195987
4,13,0.451954221703479
4,14,0.8136234172142028
4,15,0.4779139948171964
4,16,0.056093404914216764
4,17,0.47058150862302595
4,18,0.7897880987300171
4,19,0.05506844938983679
4,20,0.4755249747715348
4,21,0.5373859277177823
4,22,0.21888428472771992
4,23,0.8203018714141272
4,24,0.09509052953611352
4,25,0.3781603807941694
4,26,0.6887955808473389
4,27,0.4240025907724493
4,28,0.8781310596757924
4,29,0.10751592592581811
4,30,0.3132172043872061
4,31,0.5469177823722606
4,32,0.6048468810595143
4,33,0.4586680929728861
4,34,0.2572331310444523
4,35,0.6299825765623353
4,36,0.40911011642412204
4,37,0.4118433792072955
4,38,0.8170996365197823
4,39,0.6461998786267303
4,40,0.4098439938154452
4,41,0.4332818171113948
4,42,0.9232061809799296
4,43,0.5271049205542925
4,44,0.5558923824715071
4,45,0.17471320839558765
4,46,0.45714140042248985
4,47,0.41101355435361947
4,48,0.11577447704943905
4,49,0.5421974386436889
5,0,0.053407707482961954
5,1,0.8172320304634716
5,2,0.7780789991652399
5,3,0.3629572814649371
5,4,0.7471184037494581
5,6,0.8452680305034803
5,7,0.4753473894462406
5,8,0.5011938563192578
5,9,0.465109273921643
5,10,0.8279175561562768
5,11,0.5674270882381801
5,12,0.37871964454589263
5,13,0.5985223847800144
5,14,0.39071416751764004
5,15,0.699454365094046
5,16,0.772140017300614
5,17,0.565686407522703
5,18,0.28004058883019506
5,19,0.6921138797749986
5,20,0.9438440723919614
5,21,0.45245814317445193
5,22,0.5571334753486796
5,23,0.08193384587402869
5,24,0.7107164910735904
5,25,0.8525460785841815
5,26,0.6928627754273545
5,27,0.4875211236164482
5,28,0.5349724188086263
5,29,0.6397425747500652
5,30,0.6174744832628939
5,31,0.6350916947230758
5,32,0.7554156997761213
5,33,1.0766123646389403
5,34,0.9697409325957308
5,35,0.26439181403551115
5,36,1.0041011125919046
5,37,0.3755561586849263
5,38,0.46780022784260733
5,39,0.29219980674556684
5,40,0.3840073040959404
5,41,0.36443044723068585
5,42,0.6646958988805818
5,43,0.5088300039710028
5,44,0.47962336054985927
5,45,0.6256567919714598
5,46,0.3899862697538749
5,47,0.36820101603927685
5,48,0.777092446649567
5,49,0.6511486761663949
6,0,0.7922498645334162
6,1,0.5437738388996713
6,2,0.5828084657966056
6,3,0.5468305054654925
6,4,0.3899274871807385
6,5,0.8452680305034803
6,7,0.8661260494828642
6,8,0.7209521182238509
6,9,0.48003133342119997
6,10,0.017447527834913375
6,11,0.47935055780310604
6,12,0.4666440392680481
6,13,0.27477888960887387
6,14,0.7172627791604599
6,15,0.8487783946482904
6,16,0.3395266969359999
6,17,0.8080598248932352
6,18,0.9991450570315067
6,19,0.39671124379330913
6,20,0.10546538461874454
6,21,0.4378752912694933
6,22,0.5234701755098716
6,23,0.9271973498699286
6,24,0.3076152168671796
6,25,0.018776260113270975
6,26,0.4188275591739798
6,27,0.7325311841939853
6,28,0.7153276810797257
6,29,0.410089344022869
6,30,0.23142283097792016
6,31,0.3134364198232591
6,32,0.2917128078672013
6,33,0.2588419192858381
6,34,0.3206879502299065
6,35,0.6205699168790545
6,36,0.1882951406713875
6,37,0.6486281337724937
6,38,0.6805985075421097
6,39,0.6148478011579117
6,40,0.46652399588124155
6,41,0.48328563393464213
6,42,0.7038823773837574
6,43,0.8436866533597585
6,44,0.8611617666701793
6,45,0.5220750900805979
6,46,0.45639831750473736
6,47,0.639834050417699
6,48,0.2768129356041032
6,49,0.2978246796189593
7,0,0.4718325492184269
7,1,0.5319720516951032
7,2,0.470749951472868
7,3,0.36489666005216864
7,4,0.5626745735414436
7,5,0.4753473894462406
7,6,0.8661260494828642
7,8,0.9007899381382194
7,9,0.39213391062708863
7,10,0.8505114041052864
7,11,0.39611843747652925
7,12,0.538508912291464
7,13,0.7382751398849612
7,14,0.797996362342079
7,15,0.24740454356359257
7,16,0.6136130965934675
7,17,0.12663257589977073
7,18,0.31412077384822906
7,19,0.5196492288238505
7,20,0.9701150946201005
7,21,0.6804094574202633
7,22,0.3545582986496316
7,23,0.5002761916317876
7,24,0.5922460285235743
7,25,0.8630630744098635
7,26,0.9411611881429733
7,27,0.13937852845328422
7,28,0.9288313937315601
7,29,0.480895839069241
7,30,0.6604924261958698
7,31,0.8230155344710928
7,32,0.9356731442797269
7,33,1.0117865073066485
7,34,0.8192879058023269
7,35,0.5936816909963819
7,36,0.952822714395435
7,37,0.23734429580292263
7,38,0.8542028921906428
7,39,0.6289840649390038
7,40,0.49417491767015964
7,41,0.4976082748300406
7,42,1.0374707111991481
7,43,0.048002673028822974
7,44,0.007903104433132139
7,45,0.38804011452119586
7,46,0.5571432478852597
7,47,0.25031141276545166
7,48,0.6558750529126252
7,49,0.8313571783598359
8,0,0.4698437370616214
8,1,1.0050522883643325
8,2,0.9964787292343348
8,3,0.5934299295873251
8,4,0.8680145396989932
8,5,0.5011938563192578
8,6,0.7209521182238509
8,7,0.9007899381382194
8,9,0.6551008076895306
8,10,0.7081281748342512
8,11,0.7636519308888327
8,12,0.4352894349660709
8,13,0.46026177497571535
8,14,0.11055199535231772
8,15,1.0647681696218305
8,16,0.859493026305363
8,17,0.9456607804535119
8,18,0.7802358124027639
8,19,0.8252001006019615
8,20,0.7815440980575697
8,21,0.3312717156738414
8,22,0.7835640264935362
8,23,0.5494514775574135
8,24,0.7861321936220257
8,25,0.7370197854799927
8,26,0.34947990104357946
8,27,0.8473790867738387
8,28,0.03491056153566256
8,29,0.7859065469473014
8,30,0.5805036605057037
8,31,0.4083662730344332
8,32,0.4766052591738241
8,33,0.9787887195242609
8,34,0.9866537070269444
8,35,0.3085766629160991
8,36,0.9092422284701878
8,37,0.6998683035220808
8,38,0.052005023548142286
8,39,0.2744879419289293
8,40,0.4875211811780441
8,41,0.4686770357434397
8,42,0.16906012102996942
8,43,0.917409176312213
8,44,0.9020594519200946
8,45,0.8431992245793456
8,46,0.42356765626117504
8,47,0.6862311063659179
8,48,0.8269369308401435
8,49,0.4249792712913007
9,0,0.4217395570340774
9,1,0.37177809597617834
9,2,0.34918437511924433
9,3,0.10215637957465484
9,4,0.28204497125889133
9,5,0.465109273921643
9,6,0.48003133342119997
9,7,0.39213391062708863
9,8,0.6551008076895306
9,10,0.4636900977286295
9,11,0.11447101728476189
9,12,0.22061744661038515
9,13,0.358689519415729
9,14,0.5794870037307315
9,15,0.4458584618214665
9,16,0.30902401558919534
9,17,0.3605843432569653
9,18,0.537345420267097
9,19,0.22709538594299056
9,20,0.5852787596557689
9,21,0.3515780491034706
9,22,0.12846362144950027
9,23,0.5390206778131084
9,24,0.25404601355029255
9,25,0.4791182161319718
9,26,0.5841939489127871
9,27,0.2689324951127184
9,28,0.6731508752794724
9,29,0.17483954377621452
9,30,0.2684081731112045
9,31,0.4517514164144025
9,32,0.5550206354827402
9,33,0.6592948178935389
9,34,0.5137893252275616
9,35,0.37520035195552415
9,36,0.5924914466336791
9,37,0.16898342655361948
9,38,0.6031581740468317
9,39,0.39905995021266616
9,40,0.16770031474509664
9,41,0.18670302993927868
9,42,0.7493593206666173
9,43,0.37693948006475425
9,44,0.38804534322936096
9,45,0.19084716655855932
9,46,0.23438860119011865
9,47,0.1611468148051175
9,48,0.32300511169265356
9,49,0.45676686856650295
10,0,0.7749147065499976
10,1,0.5358466043479442
10,2,0.5734724723791113
10,3,0.5297442380569254
10,4,0.38047917669440945
10,5,0.8279175561562768
10,6,0.017447527834913375
10,7,0.8505114041052864
10,8,0.7081281748342512
10,9,0.4636900977286295
10,11,0.46496200164515206
10,12,0.44932250197514373
10,13,0.2594478619006804
10,14,0.7027638101703481
10,15,0.8360583421651493
10,16,0.3311494397029129
10,17,0.7936469151166161
10,18,0.9818991984392745
10,19,0.3852922574554607
10,20,0.12232606128934334
10,21,0.42207442303614284
10,22,0.5090984789090292
10,23,0.9098449008889297
10,24,0.29628215795630913
10,25,0.028985709576436598
10,26,0.4105481468856163
10,27,0.7173358899456931
10,28,0.7030920301602998
10,29,0.3970766238071744
10,30,0.21399601439689625
10,31,0.30144080077804386
10,32,0.2857291075644231
10,33,0.2730932181243582
10,34,0.3233199590521514
10,35,0.6039084342797626
10,36,0.2016469297380152
10,37,0.6321538263453338
10,38,0.6672351975022651
10,39,0.5985147534409466
10,40,0.44907657848167
10,41,0.4658514787809173
10,42,0.694220351473977
10,43,0.8284825323938673
10,44,0.8456036686497969
10,45,0.5091546148571165
10,46,0.43915967001070166
10,47,0.6232635427268503
10,48,0.26863236967945964
10,49,0.28623843943124505
11,0,0.5272883927743252
11,1,0.2578401889420051
11,2,0.23536589929292848
11,3,0.2096657513375326
11,4,0.1894737949389728
11,5,0.5674270882381801
11,6,0.47935055780310604
11,7,0.39611843747652925
11,8,0.7636519308888327
11,9,0.11447101728476189
11,10,0.46496200164515206
11,12,0.32849353549541177
11,13,0.42369513804533515
11,14,0.6916775368411582
11,15,0.382570017425387
11,16,0.22996285014383827
11,17,0.32871115116467403
11,18,0.6011623199006406
11,19,0.13649342713059284
11,20,0.5806751390638915
11,21,0.44931716037752156
11,22,0.04413829612069564
11,23,0.6374330389695608
11,24,0.19685496939065775
11,25,0.474007233099439
11,26,0.6606476953227963
11,27,0.2579042564217725
11,28,0.7800639503018355
11,29,0.08839334816650812
11,30,0.3057585592754236
11,31,0.5214887713322581
11,32,0.6114363569961645
11,33,0.617175380184803
11,34,0.44093306276071065
11,35,0.489340263901682
11,36,0.5568881774715848
11,37,0.22249277739466447
11,38,0.711647441031248
11,39,0.5124510868554444
11,40,0.277213672701243
11,41,0.29791480730065595
11,42,0.8490422754467905
11,43,0.36815426691235353
11,44,0.3902494244995022
11,45,0.07980267531552347
11,46,0.34023625658748585
11,47,0.22154986879949784
11,48,0.26281896473473193
11,49,0.5231388201737257
12,0,0.3256241663890541
12,1,0.5752170893834571
12,2,0.5623832360714538
12,3,0.17919254627759637
12,4,0.45161151738195987
12,5,0.37871964454589263
12,6,0.4666440392680481
12,7,0.538508912291464
12,8,0.4352894349660709
12,9,0.22061744661038515
12,10,0.44932250197514373
12,11,0.32849353549541177
12,13,0.23161130305874372
12,14,0.3659471577887448
12,15,0.6513314201063666
12,16,0.4561041647732774
12,17,0.5468784122724696
12,18,0.5630755026071451
12,19,0.402928472625713
12,20,0.5653265002374929
12,21,0.1431334366344522
12,22,0.3488683021356725
12,23,0.4606524001546393
12,24,0.3843627915141639
12,25,0.4742948103351839
12,26,0.40325901092218314
12,27,0.447514331771818
12,28,0.45263320130308377
12,29,0.3583373567896474
12,30,0.24136453026799348
12,31,0.2958015241313742
12,32,0.41619329007708966
12,33,0.7034631583938332
12,34,0.6264892963632506
12,35,0.1815492167600537
12,36,0.6302234185815058
12,37,0.30520111747042683
12,38,0.38328846648817855
12,39,0.19472276551720513
12,40,0.05339185974561396
12,41,0.04126839765262435
12,42,0.5314133611993895
12,43,0.5397074038142521
12,44,0.5370629330329858
12,45,0.4079396125782451
12,46,0.018712393891468705
12,47,0.291341268052957
12,48,0.4407225420322276
12,49,0.30767374803094544
13,0,0.5451976932086774
13,1,0.6083532800275645
13,2,0.620310726338262
13,3,0.3760365114552901
13,4,0.451954221703479
13,5,0.5985223847800144
13,6,0.27477888960887387
13,7,0.7382751398849612
13,8,0.46026177497571535
13,9,0.358689519415729
13,10,0.2594478619006804
13,11,0.42369513804533515
13,12,0.23161130305874372
13,14,0.444738268036692
13,15,0.7997695824195659
13,16,0.4278995314243482
13,17,0.7191376466576486
13,18,0.7944444965866879
13,19,0.4235348730381835
13,20,0.3584995473321698
13,21,0.16412430594961036
13,22,0.46134014950773644
13,23,0.6795443749888657
13,24,0.3590084388934617
13,25,0.2881097983602991
13,26,0.24050450015461589
13,27,0.6255185152950143
13,28,0.4603698414432208
13,29,0.40173803306855344
13,30,0.13883115409680816
13,31,0.09851598282807819
13,32,0.19759693163970532
13,33,0.5320854947433261
13,34,0.528067501682552
13,35,0.35412273548544726
13,36,0.4596877242560864
13,37,0.5013278854726217
13,38,0.41561039279104867
13,39,0.34410741744409246
13,40,0.2561215632875936
13,41,0.2630799732060692
13,42,0.4794508203978485
13,43,0.7299830702484795
13,44,0.7353997111878494
13,45,0.49621284948483824
13,46,0.21575609945798221
13,47,0.4888857823138358
13,48,0.3833995892697762
13,49,0.09953839952660305
14,0,0.35952808874314945
14,1,0.9411599086836243
14,2,0.9268007849960873
14,3,0.5077921878756078
14,4,0.8136234172142028
14,5,0.39071416751764004
14,6,0.7172627791604599
14,7,0.797996362342079
14,8,0.11055199535231772
14,9,0.5794870037307315
14,10,0.7027638101703481
14,11,0.6916775368411582
14,12,0.3659471577887448
14,13,0.444738268036692
14,15,0.9718009658363119
14,16,0.8116347607365935
14,17,0.8492511093274416
14,18,0.6696860242498666
14,19,0.7670752087832666
14,20,0.789858571118325
14,21,0.29233288100743804
14,22,0.70708649230689
14,23,0.44062425689691664
14,24,0.7382659998200581
14,25,0.7316723856707376
14,26,0.39438272926434287
14,27,0.7522951286488219
14,28,0.14430455709811377
14,29,0.7239094143044331
14,30,0.5475041119172057
14,31,0.4157899376315168
14,32,0.506382441001127
14,33,0.975857004250508
14,34,0.9572677512310405
14,35,0.21331644629017626
14,36,0.9039786336131473
14,37,0.6059742755517903
14,38,0.0832135283262366
14,39,0.18293600504110602
14,40,0.41493035497581604
14,41,0.3937708837706232
14,42,0.276005076596699
14,43,0.816872139574476
14,44,0.7996425831338497
14,45,0.7700580934676846
14,46,0.3577310751027148
14,47,0.5927000743363766
14,48,0.7859315997070184
14,49,0.43371433259888836
15,0,0.6853609448604
15,1,0.381127080706544
15,2,0.3173148598917533
15,3,0.4756454593869563
15,4,0.4779139948171964
15,5,0.699454365094046
15,6,0.8487783946482904
15,7,0.24740454356359257
15,8,1.0647681696218305
15,9,0.4458584618214665
15,10,0.8360583421651493
15,11,0.382570017425387
15,12,0.6513314201063666
15,13,0.7997695824195659
15,14,0.9718009658363119
15,16,0.5340073951129707
15,17,0.13393655701731572
15,18,0.5612387417681076
15,19,0.45532632147359164
15,20,0.9441786507372893
15,21,0.7914694442946926
15,22,0.3409793743178945
15,23,0.7359629917884714
15,24,0.5433447971221304
15,25,0.8405532413383863
15,26,1.0298841364472187
15,27,0.22101196219644514
15,28,1.0884059322328845
15,29,0.43909664749310967
15,30,0.6881117249904243
15,31,0.8954411922174024
15,32,0.9919188877577244
15,33,0.9329258422018495
15,34,0.7113204006618888
15,35,0.758826080250598
15,36,0.8867350288113146
15,37,0.3658270505360755
15,38,1.0145723149983534
15,39,0.7912562353415976
15,40,0.598973061417002
15,41,0.611383302344185
15,42,1.1806418028353443
15,43,0.20199623171280914
15,44,0.24038081874003364
15,45,0.3270072227951537
15,46,0.6680941095105715
15,47,0.3791537342963012
15,48,0.5909719452006157
15,49,0.8990774347926579
16,0,0.7265706095711033
16,1,0.2048820622022827
16,2,0.2444564406403142
16,3,0.4102618351625812
16,4,0.056093404914216764
16,5,0.772140017300614
16,6,0.3395266969359999
16,7,0.6136130965934675
16,8,0.859493026305363
16,9,0.30902401558919534
16,10,0.3311494397029129
16,11,0.22996285014383827
16,12,0.4561041647732774
16,13,0.4278995314243482
16,14,0.8116347607365935
16,15,0.5340073951129707
16,17,0.5246722057569494
16,18,0.8306228472267366
16,19,0.0949038287324218
16,20,0.4218756429613538
16,21,0.5282834217670423
16,22,0.26426261870670215
16,23,0.8474784878841524
16,24,0.07350837605042812
16,25,0.32681972076218196
16,26,0.6599698231359209
16,27,0.47443724971784734
16,28,0.8674633277410916
16,29,0.1422542163793562
16,30,0.2898030957060551
16,31,0.5196622609425711
16,32,0.568532870812813
16,33,0.4035747071674004
16,34,0.21097077157571073
16,35,0.6370241903030273
16,36,0.35310337627074434
16,37,0.4513920282942
16,38,0.809390849750195
16,39,0.6504030642877269
16,40,0.41894236473265795
16,41,0.442525699736836
16,42,0.9047947076368513
16,43,0.5793147146099333
16,44,0.6069981212072779
16,45,0.22695216498622064
16,46,0.4594017318240823
16,47,0.44925059875899787
16,48,0.06275521994009677
16,49,0.5133607137671248
17,0,0.5526111809714574
17,1,0.41734553407795716
17,2,0.3541485126874269
17,3,0.36779303098419525
17,4,0.47058150862302595
17,5,0.565686407522703
17,6,0.8080598248932352
17,7,0.12663257589977073
17,8,0.9456607804535119
17,9,0.3605843432569653
17,10,0.7936469151166161
17,11,0.32871115116467403
17,12,0.5468784122724696
17,13,0.7191376466576486
17,14,0.8492511093274416
17,15,0.13393655701731572
17,16,0.5246722057569494
17,18,0.4376089078337051
17,19,0.4345330883651718
17,20,0.9090101843912671
17,21,0.6895960659559074
17,22,0.2845900956627539
17,23,0.6022937331623411
17,24,0.515589535371381
17,25,0.8025458850791547
17,26,0.9392993356477454
17,27,0.09975729064294715
17,28,0.970839127459509
17,29,0.4041282860814795
17,30,0.6219601585900171
17,31,0.8109104607868795
17,32,0.9155914448108998
17,33,0.9279417861669024
17,34,0.7225039770058369
17,35,0.6376385526985184
17,36,0.8738223198502295
17,37,0.2470747140920911
17,38,0.8964301975491281
17,39,0.6711990089817943
17,40,0.49665880249667427
17,41,0.5058556486649194
17,42,1.069160693354015
17,43,0.07866804167031431
17,44,0.11881217992251726
17,45,0.29873772445997326
17,46,0.5646352443573874
17,47,0.2610246603395196
17,48,0.5737201437459868
17,49,0.8166917783884193
18,0,0.3119446068354733
18,1,0.8048670623540972
18,2,0.7502630539972269
18,3,0.4538056566725317
18,4,0.7897880987300171
18,5,0.28004058883019506
18,6,0.9991450570315067
18,7,0.31412077384822906
18,8,0.7802358124027639
18,9,0.537345420267097
18,10,0.9818991984392745
18,11,0.6011623199006406
18,12,0.5630755026071451
18,13,0.7944444965866879
18,14,0.6696860242498666
18,15,0.5612387417681076
18,16,0.8306228472267366
18,17,0.4376089078337051
18,19,0.7376430822268139
18,20,1.1038086154825963
18,21,0.6769463548686926
18,22,0.5718534426607935
18,23,0.2545053358481623
18,24,0.7869497401055958
18,25,1.0017992499925816
18,26,0.9366485271199765
18,27,0.4041949625673703
18,28,0.813634755861675
18,29,0.6883703652224787
18,30,0.7693479379679117
18,31,0.8536588499491911
18,32,0.9756774360092422
18,33,1.1963220525186014
18,34,1.0412967230465997
18,35,0.5154426230265026
18,36,1.128547457013093
18,37,0.3792931514470937
18,38,0.7447540620534241
18,39,0.548785005138658
18,40,0.5429257206184647
18,41,0.5323187915689845
18,42,0.9415493234682163
18,43,0.360997901762572
18,44,0.32140114629542954
18,45,0.6286733877198132
18,46,0.5797064081121126
18,47,0.3822366733587101
18,48,0.8560108784585574
18,49,0.8672827057955812
19,0,0.6487398593334708
19,1,0.18556264437144063
19,2,0.20007201126140398
19,3,0.32922738312318284
19,4,0.05506844938983679
19,5,0.6921138797749986
19,6,0.39671124379330913
19,7,0.5196492288238505
19,8,0.8252001006019615
19,9,0.22709538594299056
19,10,0.3852922574554607
19,11,0.13649342713059284
19,12,0.402928472625713
19,13,0.4235348730381835
19,14,0.7670752087832666
19,15,0.45532632147359164
19,16,0.0949038287324218
19,17,0.4345330883651718
19,18,0.7376430822268139
19,20,0.48928621962242724
19,21,0.4961604363047256
19,22,0.16939127190782904
19,23,0.7652334359234632
19,24,0.0890975227646871
19,25,0.3871109603103618
19,26,0.6631398870124116
19,27,0.3803247448695262
19,28,0.8366986465751155
19,29,0.05244751843897783
19,30,0.28667510963794546
19,31,0.5206237648946045
19,32,0.5879596834148135
19,33,0.4940525050975435
19,34,0.30531743546288054
19,35,0.5795102833740012
19,36,0.4393949151535686
19,37,0.35890295470761635
19,38,0.7738860648633401
19,39,0.5969305697825004
19,40,0.3592781584618704
19,41,0.38253633685261795
19,42,0.8873423381734058
19,43,0.4863622111642402
19,44,0.5131416907900208
19,45,0.13582567359930112
19,46,0.40955959405047926
19,47,0.3575553658764946
19,48,0.13926235087099392
19,49,0.5175282317277567
20,0,0.8905955060442067
20,1,0.6215911590591284
20,2,0.6661702828572146
20,3,0.652013134447568
20,4,0.4755249747715348
20,5,0.9438440723919614
20,6,0.10546538461874454
20,7,0.9701150946201005
20,8,0.7815440980575697
20,9,0.5852787596557689
20,10,0.12232606128934334
20,11,0.5806751390638915
20,12,0.5653265002374929
20,13,0.3584995473321698
20,14,0.789858571118325
20,15,0.9441786507372893
20,16,0.4218756429613538
20,17,0.9090101843912671
20,18,1.1038086154825963
20,19,0.48928621962242724
20,21,0.5223988318577355
20,22,0.624662259311862
20,23,1.0257417663886774
20,24,0.40084226796480277
20,25,0.10707167925570128
20,26,0.4548357269566509
20,27,0.8356224875012714
20,28,0.771920372730077
20,29,0.5077119492262887
20,30,0.33491255713386053
20,31,0.3754197233781148
20,32,0.319722381879686
20,33,0.21169835489469604
20,34,0.3528070182452743
20,35,0.7112564393170793
20,36,0.159465180072223
20,37,0.7539776930222557
20,38,0.7452622985050442
20,39,0.7025505621451313
20,40,0.5685313998874031
20,41,0.5843663556277856
20,42,0.7435098243159949
20,43,0.9467434087231903
20,44,0.9650311453810718
20,45,0.6189345974690981
20,46,0.5539192413139452
20,47,0.7452485369946719
20,48,0.35985645245518033
20,49,0.35797803197566114
21,0,0.4002219997153995
21,1,0.6786054080663739
21,2,0.6754222506133584
21,3,0.32219550083736537
21,4,0.5373859277177823
21,5,0.45245814317445193
21,6,0.4378752912694933
21,7,0.6804094574202633
21,8,0.3312717156738414
21,9,0.3515780491034706
21,10,0.42207442303614284
21,11,0.44931716037752156
21,12,0.1431334366344522
21,13,0.16412430594961036
21,14,0.29233288100743804
21,15,0.7914694442946926
21,16,0.5282834217670423
21,17,0.6895960659559074
21,18,0.6769463548686926
21,19,0.4961604363047256
21,20,0.5223988318577355
21,22,0.4763587924433539
21,23,0.531219420743596
21,24,0.45488641197768104
21,25,0.4503785131666553
21,26,0.2654333507024919
21,27,0.5903989665290332
21,28,0.3407901505469662
21,29,0.4596705601476092
21,30,0.25530090018953305
21,31,0.18264988878441854
21,32,0.3036449237862307
21,33,0.6933125886850554
21,34,0.6650779478713088
21,35,0.19526285472033794
21,36,0.6202908752420069
21,37,0.4482559402297674
21,38,0.2811467710912324
21,39,0.1812090826011339
21,40,0.19319467346108843
21,41,0.18439584395493253
21,42,0.3997285971329097
21,43,0.6826460038993727
21,44,0.6791932208223481
21,45,0.5288163811474648
21,46,0.12503998360655927
21,47,0.4343648225160774
21,48,0.4973785436007085
21,49,0.19874422819829432
22,0,0.5199281276537225
22,1,0.2603654643472111
22,2,0.22741406276641737
22,3,0.21009224137719504
22,4,0.21888428472771992
22,5,0.5571334753486796
22,6,0.5234701755098716
22,7,0.3545582986496316
22,8,0.7835640264935362
22,9,0.12846362144950027
22,10,0.5090984789090292
22,11,0.04413829612069564
22,12,0.3488683021356725
22,13,0.46134014950773644
22,14,0.70708649230689
22,15,0.3409793743178945
22,16,0.26426261870670215
22,17,0.2845900956627539
22,18,0.5718534426607935
22,19,0.16939127190782904
22,20,0.624662259311862
22,21,0.4763587924433539
22,23,0.6239245333801947
22,24,0.2376977276143339
22,25,0.5180517432411225
22,26,0.6962019730135903
22,27,0.21565770460712685
22,28,0.8014915750046638
22,29,0.12654819648336116
22,30,0.34724774831965666
22,31,0.5584447470875986
22,32,0.6513770893697154
22,33,0.6574489007861164
22,34,0.474529471646396
22,35,0.5004362247772736
22,36,0.598340083838417
22,37,0.19718164132194785
22,38,0.7316193544617732
22,39,0.5257524682864133
22,40,0.29611818915814997
22,41,0.3150945835946145
22,42,0.8755597499571568
22,43,0.3252441919561934
22,44,0.348486335868408
22,45,0.06911311145752469
22,46,0.36217142132600083
22,47,0.19871668644393936
22,48,0.3018981884142731
22,49,0.5608780045915435
23,0,0.13516005303624296
23,1,0.882607903066115
23,2,0.8403530797448264
23,3,0.43725545595124454
23,4,0.8203018714141272
23,5,0.08193384587402869
23,6,0.9271973498699286
23,7,0.5002761916317876
23,8,0.5494514775574135
23,9,0.5390206778131084
23,10,0.9098449008889297
23,11,0.6374330389695608
23,12,0.4606524001546393
23,13,0.6795443749888657
23,14,0.44062425689691664
23,15,0.7359629917884714
23,16,0.8474784878841524
23,17,0.6022937331623411
23,18,0.2545053358481623
23,19,0.7652334359234632
23,20,1.0257417663886774
23,21,0.531219420743596
23,22,0.6239245333801947
23,24,0.7876675275618427
23,25,0.9344430795364872
23,26,0.7656160203674535
23,27,0.532830723330132
23,28,0.5840510487035792
23,29,0.7127859473913277
23,30,0.6992434606203463
23,31,0.7136089046210795
23,32,0.8331550377762477
23,33,1.1578757391173944
23,34,1.0473683801130718
23,35,0.33989822441496165
23,36,1.08548244516128
23,37,0.4352076874778526
23,38,0.5213387259241877
23,39,0.36503948642790374
23,40,0.46533775067034727
23,41,0.44603946296975183
23,42,0.7166291541128723
23,43,0.5386098635939065
23,44,0.5055512299180728
23,45,0.691548554763373
23,46,0.4718528773472985
23,47,0.42956708258174203
23,48,0.8546837211272919
23,49,0.7299397687626922
24,0,0.6636921519925437
24,1,0.25608922817831864
24,2,0.2825519591718094
24,3,0.3522700488051702
24,4,0.09509052953611352
24,5,0.7107164910735904
24,6,0.3076152168671796
24,7,0.5922460285235743
24,8,0.7861321936220257
24,9,0.25404601355029255
24,10,0.29628215795630913
24,11,0.19685496939065775
24,12,0.3843627915141639
24,13,0.3590084388934617
24,14,0.7382659998200581
24,15,0.5433447971221304
24,16,0.07350837605042812
24,17,0.515589535371381
24,18,0.7869497401055958
24,19,0.0890975227646871
24,20,0.40084226796480277
24,21,0.45488641197768104
24,22,0.2376977276143339
24,23,0.7876675275618427
24,25,0.29808873720626544
24,26,0.5944248589598676
24,27,0.4533050419491413
24,28,0.794355816102532
24,29,0.11199193219729868
24,30,0.2202190238259848
24,31,0.45289752762446844
24,32,0.5099012592768377
24,33,0.42032671135757205
24,34,0.26029324245569524
24,35,0.5656886706369239
24,36,0.3606822159617839
24,37,0.40896267112210866
24,38,0.735960325490748
24,39,0.5781999132190505
24,40,0.3491145580584944
24,41,0.3726342315343942
24,42,0.833683094868286
24,43,0.5622534609301022
24,44,0.586183608551957
24,45,0.21946902531353218
24,46,0.38702551152120446
24,47,0.4049218972597418
24,48,0.06918669346333331
24,49,0.4477346065738366
25,0,0.7996749486080618
25,1,0.5304469565799076
25,2,0.5707458580709622
25,3,0.5487026396971297
25,4,0.3781603807941694
25,5,0.8525460785841815
25,6,0.018776260113270975
25,7,0.8630630744098635
25,8,0.7370197854799927
25,9,0.4791182161319718
25,10,0.028985709576436598
25,11,0.474007233099439
25,12,0.4742948103351839
25,13,0.2881097983602991
25,14,0.7316723856707376
25,15,0.8405532413383863
25,16,0.32681972076218196
25,17,0.8025458850791547
25,18,1.0017992499925816
25,19,0.3871109603103618
25,20,0.10707167925570128
25,21,0.4503785131666553
25,22,0.5180517432411225
25,23,0.9344430795364872
25,24,0.29808873720626544
25,26,0.43713254263421597
25,27,0.7285820480872499
25,28,0.7318384703930606
25,29,0.4026005660524884
25,30,0.2365282757888369
25,31,0.3300787409146138
25,32,0.3104096780311082
25,33,0.24419853590247179
25,34,0.3021625526907762
25,35,0.631063110353101
25,36,0.17266122073081996
25,37,0.6480039139781919
25,38,0.6962034193219073
25,39,0.6262084327460471
25,40,0.4721806782686805
25,41,0.4895489721709713
25,42,0.721764738204368
25,43,0.8397115312174354
25,44,0.857967880603146
25,45,0.5143196517481731
25,46,0.46462821292905443
25,47,0.6395328351100519
25,48,0.2640674257667782
25,49,0.31472027758618404
26,0,0.6439728054292421
26,1,0.8471450387924591
26,2,0.8606918490091857
26,3,0.5776839706067127
26,4,0.6887955808473389
26,5,0.6928627754273545
26,6,0.4188275591739798
26,7,0.9411611881429733
26,8,0.34947990104357946
26,9,0.5841939489127871
26,10,0.4105481468856163
26,11,0.6606476953227963
26,12,0.40325901092218314
26,13,0.24050450015461589
26,14,0.39438272926434287
26,15,1.0298841364472187
26,16,0.6599698231359209
26,17,0.9392993356477454
26,18,0.9366485271199765
26,19,0.6631398870124116
26,20,0.4548357269566509
26,21,0.2654333507024919
26,22,0.6962019730135903
26,23,0.7656160203674535
26,24,0.5944248589598676
26,25,0.43713254263421597
26,27,0.8419900189015199
26,28,0.33183383373022884
26,29,0.6422384119172017
26,30,0.3766584854487116
26,31,0.14253210368519956
26,32,0.13552479814741653
26,33,0.6633650371615304
26,34,0.7258706843855902
26,35,0.42899005851126415
26,36,0.6001043829523105
26,37,0.7056443114202656
26,38,0.3266033776389645
26,39,0.4009190907358937
26,40,0.44735476316660067
26,41,0.4437734777704741
26,42,0.28871170705345645
26,43,0.9399548279619833
26,44,0.9394505348648379
26,45,0.7350702186495043
26,46,0.3845506983008416
26,47,0.6920874389374708
26,48,0.6096149787378559
26,49,0.1467231119809349
27,0,0.4687227551154737
27,1,0.4056952040769468
27,2,0.34804997227586143
27,3,0.2683381791718726
27,4,0.4240025907724493
27,5,0.4875211236164482
27,6,0.7325311841939853
27,7,0.13937852845328422
27,8,0.8473790867738387
27,9,0.2689324951127184
27,10,0.7173358899456931
27,11,0.2579042564217725
27,12,0.447514331771818
27,13,0.6255185152950143
27,14,0.7522951286488219
27,15,0.22101196219644514
27,16,0.47443724971784734
27,17,0.09975729064294715
27,18,0.4041949625673703
27,19,0.3803247448695262
27,20,0.8356224875012714
27,21,0.5903989665290332
27,22,0.21565770460712685
27,23,0.532830723330132
27,24,0.4533050419491413
27,25,0.7285820480872499
27,26,0.8419900189015199
27,28,0.872133403851398
27,29,0.3417329192380919
27,30,0.5352597699327356
27,31,0.7155982841279434
27,32,0.8227464554346946
27,33,0.8725134168078413
27,34,0.6809926216662642
27,35,0.5399332382410257
27,36,0.813978408981414
27,37,0.14779067833241655
27,38,0.7978455008165886
27,39,0.5730828031587717
27,40,0.39772676761168313
27,41,0.40641816430623684
27,42,0.9695303488900331
27,43,0.11115563251484774
27,44,0.13303956203072273
27,45,0.24971625433494507
27,46,0.46537841719400513
27,47,0.1616486210973701
27,48,0.5165550747018681
27,49,0.7220599900176716
28,0,0.5027450368220802
28,1,1.0180649443479775
28,2,1.0115243616306062
28,3,0.6152240820099872
28,4,0.8781310596757924
28,5,0.5349724188086263
28,6,0.7153276810797257
28,7,0.9288313937315601
28,8,0.03491056153566256
28,9,0.6731508752794724
28,10,0.7030920301602998
28,11,0.7800639503018355
28,12,0.45263320130308377
28,13,0.4603698414432208
28,14,0.14430455709811377
28,15,1.0884059322328845
28,16,0.8674633277410916
28,17,0.970839127459509
28,18,0.813634755861675
28,19,0.8366986465751155
28,20,0.771920372730077
28,21,0.3407901505469662
28,22,0.8014915750046638
28,23,0.5840510487035792
28,24,0.794355816102532
28,25,0.7318384703930606
28,26,0.33183383373022884
28,27,0.872133403851398
28,29,0.7988368195903262
28,30,0.585004591619309
28,31,0.4019067078666755
28,32,0.46221700487001005
28,33,0.9720117030282119
28,34,0.9882317047383665
28,35,0.3354276425982769
28,36,0.9033875294329433
28,37,0.7244090169021394
28,38,0.07469790991007319
28,39,0.3006168423771142
28,40,0.505467385850383
28,41,0.48752182545801465
28,42,0.13417351411569656
28,43,0.94439806287021
28,44,0.9299223481085136
28,45,0.8597960045699107
28,46,0.4399218378633329
28,47,0.7106613449348103
28,48,0.8327653566103034
28,49,0.4178629062112385
29,0,0.5965679862964495
29,1,0.21923466252028212
29,2,0.21973079877791044
29,3,0.2769191787687821
29,4,0.10751592592581811
29,5,0.6397425747500652
29,6,0.410089344022869
29,7,0.480895839069241
29,8,0.7859065469473014
29,9,0.17483954377621452
29,10,0.3970766238071744
29,11,0.08839334816650812
29,12,0.3583373567896474
29,13,0.40173803306855344
29,14,0.7239094143044331
29,15,0.43909664749310967
29,16,0.1422542163793562
29,17,0.4041282860814795
29,18,0.6883703652224787
29,19,0.05244751843897783
29,20,0.5077119492262887
29,21,0.4596705601476092
29,22,0.12654819648336116
29,23,0.7127859473913277
29,24,0.11199193219729868
29,25,0.4026005660524884
29,26,0.6422384119172017
29,27,0.3417329192380919
29,28,0.7988368195903262
29,30,0.2696395408610304
29,31,0.5000408696116896
29,32,0.5764166523483136
29,33,0.5309437591405891
29,34,0.35305149237097433
29,35,0.5323302627174064
29,36,0.4724892529550325
29,37,0.3091425218456217
29,38,0.7342683471733694
29,39,0.5510747664239146
29,40,0.3125821966135568
29,41,0.3355198997736569
29,42,0.8551607394864948
29,43,0.4503309474719918
29,44,0.4747254552158892
29,45,0.1120989989313884
29,46,0.36625393074890356
29,47,0.3071432173020645
29,48,0.17538235683369066
29,49,0.4986619503792647
30,0,0.5649438211575498
30,1,0.4705270423461432
30,2,0.48535968215074365
30,3,0.32010484358740976
30,4,0.3132172043872061
30,5,0.6174744832628939
30,6,0.23142283097792016
30,7,0.6604924261958698
30,8,0.5805036605057037
30,9,0.2684081731112045
30,10,0.21399601439689625
30,11,0.3057585592754236
30,12,0.24136453026799348
30,13,0.13883115409680816
30,14,0.5475041119172057
30,15,0.6881117249904243
30,16,0.2898030957060551
30,17,0.6219601585900171
30,18,0.7693479379679117
30,19,0.28667510963794546
30,20,0.33491255713386053
30,21,0.25530090018953305
30,22,0.34724774831965666
30,23,0.6992434606203463
30,24,0.2202190238259848
30,25,0.2365282757888369
30,26,0.3766584854487116
30,27,0.5352597699327356
30,28,0.585004591619309
30,29,0.2696395408610304
30,31,0.23426162629266756
30,32,0.307761181605744
30,33,0.46220991027763153
30,34,0.40978471775822983
30,35,0.41019535271765395
30,36,0.388898235131317
30,37,0.43140267754909634
30,38,0.5324369208823174
30,39,0.4118386996244105
30,40,0.23568238269544436
30,41,0.2534721830106602
30,42,0.6153151605967544
30,43,0.6446619181572737
30,44,0.6564489009864876
30,45,0.37153755407434225
30,46,0.23403720227591765
30,47,0.4210857723023382
30,48,0.24861511046271856
30,49,0.23085614606938928
31,0,0.5828652385816846
31,1,0.7047885515576027
31,2,0.7182297674607667
31,3,0.45827103232492555
31,4,0.5469177823722606
31,5,0.6350916947230758
31,6,0.3134364198232591
31,7,0.8230155344710928
31,8,0.4083662730344332
31,9,0.4517514164144025
31,10,0.30144080077804386
31,11,0.5214887713322581
31,12,0.2958015241313742
31,13,0.09851598282807819
31,14,0.4157899376315168
31,15,0.8954411922174024
31,16,0.5196622609425711
31,17,0.8109104607868795
31,18,0.8536588499491911
31,19,0.5206237648946045
31,20,0.3754197233781148
31,21,0.18264988878441854
31,22,0.5584447470875986
31,23,0.7136089046210795
31,24,0.45289752762446844
31,25,0.3300787409146138
31,26,0.14253210368519956
31,27,0.7155982841279434
31,28,0.4019067078666755
31,29,0.5000408696116896
31,30,0.23426162629266756
31,32,0.12214902413383745
31,33,0.5705055219121375
31,34,0.6005374974625304
31,35,0.3755825747723724
31,36,0.5014934344817108
31,37,0.5857183523612552
31,38,0.37018476299055014
31,39,0.3566924564519019
31,40,0.3313633166835329
31,41,0.33307149978323736
31,42,0.39959353025806355
31,43,0.817639459131625
31,44,0.8206172268815831
31,45,0.5945717419458022
31,46,0.2777171790361504
31,47,0.5727092886441848
31,48,0.4713787519954759
31,49,0.018123112407625434
32,0,0.7035473576883055
32,1,0.7659903157269886
32,2,0.7880316844643871
32,3,0.5724713167390615
32,4,0.6048468810595143
32,5,0.7554156997761213
32,6,0.2917128078672013
32,7,0.9356731442797269
32,8,0.4766052591738241
32,9,0.5550206354827402
32,10,0.2857291075644231
32,11,0.6114363569961645
32,12,0.41619329007708966
32,13,0.19759693163970532
32,14,0.506382441001127
32,15,0.9919188877577244
32,16,0.568532870812813
32,17,0.9155914448108998
32,18,0.9756774360092422
32,19,0.5879596834148135
32,20,0.319722381879686
32,21,0.3036449237862307
32,22,0.6513770893697154
32,23,0.8331550377762477
32,24,0.5099012592768377
32,25,0.3104096780311082
32,26,0.13552479814741653
32,27,0.8227464554346946
32,28,0.46221700487001005
32,29,0.5764166523483136
32,30,0.307761181605744
32,31,0.12214902413383745
32,33,0.5293147267415199
32,34,0.6074909818473824
32,35,0.49380040340862136
32,36,0.467762182392067
32,37,0.6985464014685625
32,38,0.4475573758553268
32,39,0.4724544781651409
32,40,0.448698568516801
32,41,0.4522477101263356
32,42,0.42389582512427587
32,43,0.927564995004922
32,44,0.9328687106079325
32,45,0.6792193581014835
32,46,0.3984161977561875
32,47,0.6859593694943852
32,48,0.5126635499937103
32,49,0.10862628329699026
33,0,1.0247975678432215
33,1,0.5666921368190542
33,2,0.624126070534981
33,3,0.7457094886461609
33,4,0.4586680929728861
33,5,1.0766123646389403
33,6,0.2588419192858381
33,7,1.0117865073066485
33,8,0.9787887195242609
33,9,0.6592948178935389
33,10,0.2730932181243582
33,11,0.617175380184803
33,12,0.7034631583938332
33,13,0.5320854947433261
33,14,0.975857004250508
33,15,0.9329258422018495
33,16,0.4035747071674004
33,17,0.9279417861669024
33,18,1.1963220525186014
33,19,0.4940525050975435
33,20,0.21169835489469604
33,21,0.6933125886850554
33,22,0.6574489007861164
33,23,1.1578757391173944
33,24,0.42032671135757205
33,25,0.24419853590247179
33,26,0.6633650371615304
33,27,0.8725134168078413
33,28,0.9720117030282119
33,29,0.5309437591405891
33,30,0.46220991027763153
33,31,0.5705055219121375
33,32,0.5293147267415199
33,34,0.23584650258374135
33,35,0.8690762087644136
33,36,0.07356822984956296
33,37,0.8239246523699238
33,38,0.9391471579625985
33,39,0.8665772820675043
33,40,0.6926053319746169
33,41,0.7125043210880226
33,42,0.9518656795525416
33,43,0.9800548866680003
33,44,1.005549963107013
33,45,0.6294260082385811
33,46,0.696151981280279
33,47,0.818250050056601
33,48,0.3560122383353652
33,49,0.5542129253847222
34,0,0.9218185287282977
34,1,0.33583074995816825
34,2,0.3963172649197355
34,3,0.6125631512803446
34,4,0.2572331310444523
34,5,0.9697409325957308
34,6,0.3206879502299065
34,7,0.8192879058023269
34,8,0.9866537070269444
34,9,0.5137893252275616
34,10,0.3233199590521514
34,11,0.44093306276071065
34,12,0.6264892963632506
34,13,0.528067501682552
34,14,0.9572677512310405
34,15,0.7113204006618888
34,16,0.21097077157571073
34,17,0.7225039770058369
34,18,1.0412967230465997
34,19,0.30531743546288054
34,20,0.3528070182452743
34,21,0.6650779478713088
34,22,0.474529471646396
34,23,1.0473683801130718
34,24,0.26029324245569524
34,25,0.3021625526907762
34,26,0.7258706843855902
34,27,0.6809926216662642
34,28,0.9882317047383665
34,29,0.35305149237097433
34,30,0.40978471775822983
34,31,0.6005374974625304
34,32,0.6074909818473824
34,33,0.23584650258374135
34,35,0.8067603996508317
34,36,0.21749750137138535
34,37,0.662004102222929
34,38,0.9400077368320227
34,39,0.8140045769224926
34,40,0.5989197704541724
34,41,0.6218657269080696
34,42,1.000123859880864
34,43,0.7825714609971968
34,44,0.8123965842815406
34,45,0.4313313809379125
34,46,0.6253418458963891
34,47,0.6594824782827191
34,48,0.1926908479802297
34,49,0.5887156556878024
35,0,0.2149848515300043
35,1,0.7443679817455015
35,2,0.7243846792513785
35,3,0.29627099542170793
35,4,0.6299825765623353
35,5,0.26439181403551115
35,6,0.6205699168790545
35,7,0.5936816909963819
35,8,0.3085766629160991
35,9,0.37520035195552415
35,10,0.6039084342797626
35,11,0.489340263901682
35,12,0.1815492167600537
35,13,0.35412273548544726
35,14,0.21331644629017626
35,15,0.758826080250598
35,16,0.6370241903030273
35,17,0.6376385526985184
35,18,0.5154426230265026
35,19,0.5795102833740012
35,20,0.7112564393170793
35,21,0.19526285472033794
35,22,0.5004362247772736
35,23,0.33989822441496165
35,24,0.5656886706369239
35,25,0.631063110353101
35,26,0.42899005851126415
35,27,0.5399332382410257
35,28,0.3354276425982769
35,29,0.5323302627174064
35,30,0.41019535271765395
35,31,0.3755825747723724
35,32,0.49380040340862136
35,33,0.8690762087644136
35,34,0.8067603996508317
35,36,0.7955092847666934
35,37,0.3930581948476371
35,38,0.2607334528419978
35,39,0.03580050800030322
35,40,0.22025197943179675
35,41,0.1969834276928124
35,42,0.44643480989107415
35,43,0.6090365355147626
35,44,0.5946473210439577
35,45,0.5657396709473334
35,46,0.1814187859326857
35,47,0.379672735089777
35,48,0.6221820761960849
35,49,0.3924372138685392
36,0,0.9521369757010025
36,1,0.5309732072707309
36,2,0.5848293498534516
36,3,0.6765436174821206
36,4,0.40911011642412204
36,5,1.0041011125919046
36,6,0.1882951406713875
36,7,0.952822714395435
36,8,0.9092422284701878
36,9,0.5924914466336791
36,10,0.2016469297380152
36,11,0.5568881774715848
36,12,0.6302234185815058
36,13,0.4596877242560864
36,14,0.9039786336131473
36,15,0.8867350288113146
36,16,0.35310337627074434
36,17,0.8738223198502295
36,18,1.128547457013093
36,19,0.4393949151535686
36,20,0.159465180072223
36,21,0.6202908752420069
36,22,0.598340083838417
36,23,1.08548244516128
36,24,0.3606822159617839
36,25,0.17266122073081996
36,26,0.6001043829523105
36,27,0.813978408981414
36,28,0.9033875294329433
36,29,0.4724892529550325
36,30,0.388898235131317
36,31,0.5014934344817108
36,32,0.467762182392067
36,33,0.07356822984956296
36,34,0.21749750137138535
36,35,0.7955092847666934
36,37,0.7587040409649715
36,38,0.868783630004949
36,39,0.793097281685819
36,40,0.620145582486868
36,41,0.6398124475564219
36,42,0.8877348842930783
36,43,0.9228066081904162
36,44,0.9468113957274642
36,45,0.5752110104840135
36,46,0.6227566357481352
36,47,0.752487984970241
36,48,0.3001371187970515
36,49,0.48561286558042394
37,0,0.34644141032569037
37,1,0.4494928330992764
37,2,0.40522480294247787
37,3,0.12805080454921797
37,4,0.4118433792072955
37,5,0.3755561586849263
37,6,0.6486281337724937
37,7,0.23734429580292263
37,8,0.6998683035220808
37,9,0.16898342655361948
37,10,0.6321538263453338
37,11,0.22249277739466447
37,12,0.30520111747042683
37,13,0.5013278854726217
37,14,0.6059742755517903
37,15,0.3658270505360755
37,16,0.4513920282942
37,17,0.2470747140920911
37,18,0.3792931514470937
37,19,0.35890295470761635
37,20,0.7539776930222557
37,21,0.4482559402297674
37,22,0.19718164132194785
37,23,0.4352076874778526
37,24,0.40896267112210866
37,25,0.6480039139781919
37,26,0.7056443114202656
37,27,0.14779067833241655
37,28,0.7244090169021394
37,29,0.3091425218456217
37,30,0.43140267754909634
37,31,0.5857183523612552
37,32,0.6985464014685625
37,33,0.8239246523699238
37,34,0.662004102222929
37,35,0.3930581948476371
37,36,0.7587040409649715
37,38,0.6501767355216923
37,39,0.4257886525834587
37,40,0.258316704496581
37,41,0.2639430734491604
37,42,0.8222052583828945
37,43,0.23462674745969203
37,44,0.23490453516745552
37,45,0.26084567261230307
37,46,0.32356008053750024
37,47,0.014047842290944365
37,48,0.47773566395632405
37,49,0.5940140422040414
38,0,0.43301228184127005
38,1,0.9533657358194922
38,2,0.9445265694464186
38,3,0.5423219134986869
38,4,0.8170996365197823
38,5,0.46780022784260733
38,6,0.6805985075421097
38,7,0.8542028921906428
38,8,0.052005023548142286
38,9,0.6031581740468317
38,10,0.6672351975022651
38,11,0.711647441031248
38,12,0.38328846648817855
38,13,0.41561039279104867
38,14,0.0832135283262366
38,15,1.0145723149983534
38,16,0.809390849750195
38,17,0.8964301975491281
38,18,0.7447540620534241
38,19,0.7738860648633401
38,20,0.7452622985050442
38,21,0.2811467710912324
38,22,0.7316193544617732
38,23,0.5213387259241877
38,24,0.735960325490748
38,25,0.6962034193219073
38,26,0.3266033776389645
38,27,0.7978455008165886
38,28,0.07469790991007319
38,29,0.7342683471733694
38,30,0.5324369208823174
38,31,0.37018476299055014
38,32,0.4475573758553268
38,33,0.9391471579625985
38,34,0.9400077368320227
38,35,0.2607334528419978
38,36,0.868783630004949
38,37,0.6501767355216923
38,39,0.22593419963387823
38,40,0.4355533500159465
38,41,0.41679714977622995
38,42,0.19694435873723115
38,43,0.8697022234660908
38,44,0.8552684460947277
38,45,0.7911945554852727
38,46,0.3715773099549621
38,47,0.6364662324372795
38,48,0.7778628642381091
38,49,0.3873798168923947
39,0,0.2446775672041943
39,1,0.7654732181554442
39,2,0.7478104498655137
39,3,0.3248575361696375
39,4,0.6461998786267303
39,5,0.29219980674556684
39,6,0.6148478011579117
39,7,0.6289840649390038
39,8,0.2744879419289293
39,9,0.39905995021266616
39,10,0.5985147534409466
39,11,0.5124510868554444
39,12,0.19472276551720513
39,13,0.34410741744409246
39,14,0.18293600504110602
39,15,0.7912562353415976
39,16,0.6504030642877269
39,17,0.6711990089817943
39,18,0.548785005138658
39,19,0.5969305697825004
39,20,0.7025505621451313
39,21,0.1812090826011339
39,22,0.5257524682864133
39,23,0.36503948642790374
39,24,0.5781999132190505
39,25,0.6262084327460471
39,26,0.4009190907358937
39,27,0.5730828031587717
39,28,0.3006168423771142
39,29,0.5510747664239146
39,30,0.4118386996244105
39,31,0.3566924564519019
39,32,0.4724544781651409
39,33,0.8665772820675043
39,34,0.8140045769224926
39,35,0.03580050800030322
39,36,0.793097281685819
39,37,0.4257886525834587
39,38,0.22593419963387823
39,40,0.23863434107244272
39,41,0.21613444855284764
39,42,0.4106493564838635
39,43,0.6438049885465625
39,44,0.6298704078623394
39,45,0.5899070777363101
39,46,0.19121843564157048
39,47,0.4122566932172338
39,48,0.632338970522249
39,49,0.3740341160273025
40,0,0.3323687075397456
40,1,0.527183009071206
40,2,0.5119747140887917
40,3,0.13052907989643003
40,4,0.4098439938154452
40,5,0.3840073040959404
40,6,0.46652399588124155
40,7,0.49417491767015964
40,8,0.4875211811780441
40,9,0.16770031474509664
40,10,0.44907657848167
40,11,0.277213672701243
40,12,0.05339185974561396
40,13,0.2561215632875936
40,14,0.41493035497581604
40,15,0.598973061417002
40,16,0.41894236473265795
40,17,0.49665880249667427
40,18,0.5429257206184647
40,19,0.3592781584618704
40,20,0.5685313998874031
40,21,0.19319467346108843
40,22,0.29611818915814997
40,23,0.46533775067034727
40,24,0.3491145580584944
40,25,0.4721806782686805
40,26,0.44735476316660067
40,27,0.39772676761168313
40,28,0.505467385850383
40,29,0.3125821966135568
40,30,0.23568238269544436
40,31,0.3313633166835329
40,32,0.448698568516801
40,33,0.6926053319746169
40,34,0.5989197704541724
40,35,0.22025197943179675
40,36,0.620145582486868
40,37,0.258316704496581
40,38,0.4355533500159465
40,39,0.23863434107244272
40,41,0.02358694626014456
40,42,0.5846898232387293
40,43,0.49279950135514167
40,44,0.492287666289361
40,45,0.3562756166965391
40,46,0.06917041046196624
40,47,0.24473391285484633
40,48,0.40939701943334994
40,49,0.3413964471667931
41,0,0.31232453264665805
41,1,0.5493657964204551
41,2,0.5330583837978464
41,3,0.13808131775632213
41,4,0.4332818171113948
41,5,0.36443044723068585
41,6,0.48328563393464213
41,7,0.4976082748300406
41,8,0.4686770357434397
41,9,0.18670302993927868
41,10,0.4658514787809173
41,11,0.29791480730065595
41,12,0.04126839765262435
41,13,0.2630799732060692
41,14,0.3937708837706232
41,15,0.611383302344185
41,16,0.442525699736836
41,17,0.5058556486649194
41,18,0.5323187915689845
41,19,0.38253633685261795
41,20,0.5843663556277856
41,21,0.18439584395493253
41,22,0.3150945835946145
41,23,0.44603946296975183
41,24,0.3726342315343942
41,25,0.4895489721709713
41,26,0.4437734777704741
41,27,0.40641816430623684
41,28,0.48752182545801465
41,29,0.3355198997736569
41,30,0.2534721830106602
41,31,0.33307149978323736
41,32,0.4522477101263356
41,33,0.7125043210880226
41,34,0.6218657269080696
41,35,0.1969834276928124
41,36,0.6398124475564219
41,37,0.2639430734491604
41,38,0.41679714977622995
41,39,0.21613444855284764
41,40,0.02358694626014456
41,42,0.5701471696664117
41,43,0.49847360357265824
41,44,0.4960843601413497
41,45,0.37653442718937863
41,46,0.059665876945667586
41,47,0.2500924117984297
41,48,0.432670265386404
41,49,0.3441299513180697
42,0,0.6296832042853602
42,1,1.0722690968755497
42,2,1.0732062102735684
42,3,0.7050324624871156
42,4,0.9232061809799296
42,5,0.6646958988805818
42,6,0.7038823773837574
42,7,1.0374707111991481
42,8,0.16906012102996942
42,9,0.7493593206666173
42,10,0.694220351473977
42,11,0.8490422754467905
42,12,0.5314133611993895
42,13,0.4794508203978485
42,14,0.276005076596699
42,15,1.1806418028353443
42,16,0.9047947076368513
42,17,1.069160693354015
42,18,0.9415493234682163
42,19,0.8873423381734058
42,20,0.7435098243159949
42,21,0.3997285971329097
42,22,0.8755597499571568
42,23,0.7166291541128723
42,24,0.833683094868286
42,25,0.721764738204368
42,26,0.28871170705345645
42,27,0.9695303488900331
42,28,0.13417351411569656
42,29,0.8551607394864948
42,30,0.6153151605967544
42,31,0.39959353025806355
42,32,0.42389582512427587
42,33,0.9518656795525416
42,34,1.000123859880864
42,35,0.44643480989107415
42,36,0.8877348842930783
42,37,0.8222052583828945
42,38,0.19694435873723115
42,39,0.4106493564838635
42,40,0.5846898232387293
42,41,0.5701471696664117
42,43,1.0492558100642622
42,44,1.0379275671192827
42,45,0.928499442257202
42,46,0.5159352755298718
42,47,0.8082102262303079
42,48,0.8626705931794811
42,49,0.41189874696620205
43,0,0.5013868582230324
43,1,0.4884637061317445
43,2,0.42646316761868874
43,3,0.36231206125868853
43,4,0.5271049205542925
43,5,0.5088300039710028
43,6,0.8436866533597585
43,7,0.048002673028822974
43,8,0.917409176312213
43,9,0.37693948006475425
43,10,0.8284825323938673
43,11,0.36815426691235353
43,12,0.5397074038142521
43,13,0.7299830702484795
43,14,0.816872139574476
43,15,0.20199623171280914
43,16,0.5793147146099333
43,17,0.07866804167031431
43,18,0.360997901762572
43,19,0.4863622111642402
43,20,0.9467434087231903
43,21,0.6826460038993727
43,22,0.3252441919561934
43,23,0.5386098635939065
43,24,0.5622534609301022
43,25,0.8397115312174354
43,26,0.9399548279619833
43,27,0.11115563251484774
43,28,0.94439806287021
43,29,0.4503309474719918
43,30,0.6446619181572737
43,31,0.817639459131625
43,32,0.927564995004922
43,33,0.9800548866680003
43,34,0.7825714609971968
43,35,0.6090365355147626
43,36,0.9228066081904162
43,37,0.23462674745969203
43,38,0.8697022234660908
43,39,0.6438049885465625
43,40,0.49279950135514167
43,41,0.49847360357265824
43,42,1.0492558100642622
43,44,0.04023834850092271
43,45,0.3525450775240542
43,46,0.5581210600397098
43,47,0.24840333797589637
43,48,0.6241235824655684
43,49,0.8250375265420763
44,0,0.47533837833386205
44,1,0.5243085866010992
44,2,0.4630139109857316
44,3,0.36270548659674
44,4,0.5558923824715071
44,5,0.47962336054985927
44,6,0.8611617666701793
44,7,0.007903104433132139
44,8,0.9020594519200946
44,9,0.38804534322936096
44,10,0.8456036686497969
44,11,0.3902494244995022
44,12,0.5370629330329858
44,13,0.7353997111878494
44,14,0.7996425831338497
44,15,0.24038081874003364
44,16,0.6069981212072779
44,17,0.11881217992251726
44,18,0.32140114629542954
44,19,0.5131416907900208
44,20,0.9650311453810718
44,21,0.6791932208223481
44,22,0.348486335868408
44,23,0.5055512299180728
44,24,0.586183608551957
44,25,0.857967880603146
44,26,0.9394505348648379
44,27,0.13303956203072273
44,28,0.9299223481085136
44,29,0.4747254552158892
44,30,0.6564489009864876
44,31,0.8206172268815831
44,32,0.9328687106079325
44,33,1.005549963107013
44,34,0.8123965842815406
44,35,0.5946473210439577
44,36,0.9468113957274642
44,37,0.23490453516745552
44,38,0.8552684460947277
44,39,0.6298704078623394
44,40,0.492287666289361
44,41,0.4960843601413497
44,42,1.0379275671192827
44,43,0.04023834850092271
44,45,0.38121898633547013
44,46,0.5556711467969342
44,47,0.24803338865784746
44,48,0.6495944253980641
44,49,0.8288122987048265
45,0,0.5889027943062675
45,1,0.19158173731938521
45,2,0.15933677844076782
45,3,0.27842446459886466
45,4,0.17471320839558765
45,5,0.6256567919714598
45,6,0.5220750900805979
45,7,0.38804011452119586
45,8,0.8431992245793456
45,9,0.19084716655855932
45,10,0.5091546148571165
45,11,0.07980267531552347
45,12,0.4079396125782451
45,13,0.49621284948483824
45,14,0.7700580934676846
45,15,0.3270072227951537
45,16,0.22695216498622064
45,17,0.29873772445997326
45,18,0.6286733877198132
45,19,0.13582567359930112
45,20,0.6189345974690981
45,21,0.5288163811474648
45,22,0.06911311145752469
45,23,0.691548554763373
45,24,0.21946902531353218
45,25,0.5143196517481731
45,26,0.7350702186495043
45,27,0.24971625433494507
45,28,0.8597960045699107
45,29,0.1120989989313884
45,30,0.37153755407434225
45,31,0.5945717419458022
45,32,0.6792193581014835
45,33,0.6294260082385811
45,34,0.4313313809379125
45,35,0.5657396709473334
45,36,0.5752110104840135
45,37,0.26084567261230307
45,38,0.7911945554852727
45,39,0.5899070777363101
45,40,0.3562756166965391
45,41,0.37653442718937863
45,42,0.928499442257202
45,43,0.3525450775240542
45,44,0.38121898633547013
45,46,0.41991536203516966
45,47,0.26389800618083864
45,48,0.2750738952838122
45,49,0.5951432812991228
46,0,0.336695170116628
46,1,0.5841575866307368
46,2,0.573083670533681
46,3,0.19715702369770602
46,4,0.45714140042248985
46,5,0.3899862697538749
46,6,0.45639831750473736
46,7,0.5571432478852597
46,8,0.42356765626117504
46,9,0.23438860119011865
46,10,0.43915967001070166
46,11,0.34023625658748585
46,12,0.018712393891468705
46,13,0.21575609945798221
46,14,0.3577310751027148
46,15,0.6680941095105715
46,16,0.4594017318240823
46,17,0.5646352443573874
46,18,0.5797064081121126
46,19,0.40955959405047926
46,20,0.5539192413139452
46,21,0.12503998360655927
46,22,0.36217142132600083
46,23,0.4718528773472985
46,24,0.38702551152120446
46,25,0.46462821292905443
46,26,0.3845506983008416
46,27,0.46537841719400513
46,28,0.4399218378633329
46,29,0.36625393074890356
46,30,0.23403720227591765
46,31,0.2777171790361504
46,32,0.3984161977561875
46,33,0.696151981280279
46,34,0.6253418458963891
46,35,0.1814187859326857
46,36,0.6227566357481352
46,37,0.32356008053750024
46,38,0.3715773099549621
46,39,0.19121843564157048
46,40,0.06917041046196624
46,41,0.059665876945667586
46,42,0.5159352755298718
46,43,0.5581210600397098
46,44,0.5556711467969342
46,45,0.41991536203516966
46,47,0.30972761210079147
46,48,0.44151550203606765
46,49,0.2898320959016348
47,0,0.3376592036272484
47,1,0.4537150456582497
47,2,0.41090548064618
47,3,0.11468964183545936
47,4,0.41101355435361947
47,5,0.36820101603927685
47,6,0.639834050417699
47,7,0.25031141276545166
47,8,0.6862311063659179
47,9,0.1611468148051175
47,10,0.6232635427268503
47,11,0.22154986879949784
47,12,0.291341268052957
47,13,0.4888857823138358
47,14,0.5927000743363766
47,15,0.3791537342963012
47,16,0.44925059875899787
47,17,0.2610246603395196
47,18,0.3822366733587101
47,19,0.3575553658764946
47,20,0.7452485369946719
47,21,0.4343648225160774
47,22,0.19871668644393936
47,23,0.42956708258174203
47,24,0.4049218972597418
47,25,0.6395328351100519
47,26,0.6920874389374708
47,27,0.1616486210973701
47,28,0.7106613449348103
47,29,0.3071432173020645
47,30,0.4210857723023382
47,31,0.5727092886441848
47,32,0.6859593694943852
47,33,0.818250050056601
47,34,0.6594824782827191
47,35,0.379672735089777
47,36,0.752487984970241
47,37,0.014047842290944365
47,38,0.6364662324372795
47,39,0.4122566932172338
47,40,0.24473391285484633
47,41,0.2500924117984297
47,42,0.8082102262303079
47,43,0.24840333797589637
47,44,0.24803338865784746
47,45,0.26389800618083864
47,46,0.30972761210079147
47,48,0.47389407187769156
47,49,0.5811559837501625
48,0,0.729360294652985
48,1,0.26721571667414656
48,2,0.3069827399842633
48,3,0.42046478328773246
48,4,0.11577447704943905
48,5,0.777092446649567
48,6,0.2768129356041032
48,7,0.6558750529126252
48,8,0.8269369308401435
48,9,0.32300511169265356
48,10,0.26863236967945964
48,11,0.26281896473473193
48,12,0.4407225420322276
48,13,0.3833995892697762
48,14,0.7859315997070184
48,15,0.5909719452006157
48,16,0.06275521994009677
48,17,0.5737201437459868
48,18,0.8560108784585574
48,19,0.13926235087099392
48,20,0.35985645245518033
48,21,0.4973785436007085
48,22,0.3018981884142731
48,23,0.8546837211272919
48,24,0.06918669346333331
48,25,0.2640674257667782
48,26,0.6096149787378559
48,27,0.5165550747018681
48,28,0.8327653566103034
48,29,0.17538235683369066
48,30,0.24861511046271856
48,31,0.4713787519954759
48,32,0.5126635499937103
48,33,0.3560122383353652
48,34,0.1926908479802297
48,35,0.6221820761960849
48,36,0.3001371187970515
48,37,0.47773566395632405
48,38,0.7778628642381091
48,39,0.632338970522249
48,40,0.40939701943334994
48,41,0.432670265386404
48,42,0.8626705931794811
48,43,0.6241235824655684
48,44,0.6495944253980641
48,45,0.2750738952838122
48,46,0.44151550203606765
48,47,0.47389407187769156
48,49,0.4637408910694113
49,0,0.5987723951388513
49,1,0.7009437475154818
49,2,0.7159688740087378
49,3,0.46700671231258545
49,4,0.5421974386436889
49,5,0.6511486761663949
49,6,0.2978246796189593
49,7,0.8313571783598359
49,8,0.4249792712913007
49,9,0.45676686856650295
49,10,0.28623843943124505
49,11,0.5231388201737257
49,12,0.30767374803094544
49,13,0.09953839952660305
49,14,0.43371433259888836
49,15,0.8990774347926579
49,16,0.5133607137671248
49,17,0.8166917783884193
49,18,0.8672827057955812
49,19,0.5175282317277567
49,20,0.35797803197566114
49,21,0.19874422819829432
49,22,0.5608780045915435
49,23,0.7299397687626922
49,24,0.4477346065738366
49,25,0.31472027758618404
49,26,0.1467231119809349
49,27,0.7220599900176716
49,28,0.4178629062112385
49,29,0.4986619503792647
49,30,0.23085614606938928
49,31,0.018123112407625434
49,32,0.10862628329699026
49,33,0.5542129253847222
49,34,0.5887156556878024
49,35,0.3924372138685392
49,36,0.48561286558042394
49,37,0.5940140422040414
49,38,0.3873798168923947
49,39,0.3740341160273025
49,40,0.3413964471667931
49,41,0.3441299513180697
49,42,0.41189874696620205
49,43,0.8250375265420763
49,44,0.8288122987048265
49,45,0.5951432812991228
49,46,0.2898320959016348
49,47,0.5811559837501625
49,48,0.4637408910694113
