Num_site=50, instance_num=0, lan_init=1
8456.35
8003.92
7641.35
7641.35
7075.18
7075.18
7075.18
6925.07
6925.07
6925.07
6925.07
6925.07
6925.07
6925.07
6914.27
6914.27
6914.27
6914.27
6914.27
6914.27
6914.27
6914.27
6914.27
6914.27
6914.27
6914.27
6914.27
6914.27
6914.27
6857.8
6857.8
6857.8
6814.14
6814.14
6814.14
6814.14
6814.14
6814.14
6814.14
6814.14
6814.14
6814.14
6814.14
6814.14
6814.14
6814.14
6814.14
6814.14
6814.14
6814.14
6814.14
6814.14
6814.14
6814.14
6814.14
6814.14
6814.14
6814.14
6814.14
6814.14
6814.14
6814.14
6814.14
6814.14
6814.14
6814.14
6814.14
6814.14
6814.14
6814.14
6814.14
6814.14
6814.14
6814.14
6814.14
6814.14
6814.14
6814.14
6814.14
6814.14
6814.14
6814.14
6814.14
6814.14
6814.14
6814.14
6814.14
6814.14
6814.14
6814.14
6814.14
6814.14
6814.14
6814.14
6814.14
6814.14
6814.14
6814.14
6814.14
6814.14
