Num_site=50, instance_num=0, lan_init=1
9561.6
9129.73
7980.14
7980.14
7822.63
7822.63
7822.63
7679.2
7638.92
7319.13
7319.13
7319.13
7319.13
7319.13
7319.13
7271.15
7241.28
6985.9
6985.9
6985.9
6985.9
6985.9
6985.9
6985.9
6950.86
6950.86
6857.8
6857.8
6857.8
6857.8
6857.8
6857.8
6857.8
6857.8
6857.8
6857.8
6857.8
6857.8
6857.8
6857.8
6857.8
6857.8
6857.8
6857.8
6857.8
6857.8
6857.8
6814.14
6814.14
6814.14
6814.14
6814.14
6814.14
6814.14
6814.14
6814.14
6814.14
6814.14
6814.14
6814.14
6814.14
6814.14
6814.14
6814.14
6814.14
6814.14
6814.14
6814.14
6814.14
6814.14
6814.14
6814.14
6814.14
6814.14
6814.14
6814.14
6814.14
6814.14
6814.14
6814.14
6814.14
6814.14
6814.14
6814.14
6814.14
6814.14
6814.14
6814.14
6814.14
6814.14
6814.14
6814.14
6814.14
6814.14
6814.14
6814.14
6814.14
6814.14
6814.14
6814.14
