Num_site=50, instance_num=0, lan_init=1
9000.15
8622.74
8029.16
8029.16
8029.16
8029.16
7862.04
7862.04
7862.04
7659.91
7659.91
7378.5
7378.5
7378.5
7219.41
7219.41
7219.41
7219.41
6975.91
6914.27
6914.27
6914.27
6914.27
6914.27
6914.27
6914.27
6914.27
6914.27
6914.27
6914.27
6914.27
6914.27
6914.27
6914.27
6914.27
6914.27
6914.27
6914.27
6914.27
6914.27
6914.27
6914.27
6814.14
6814.14
6814.14
6814.14
6814.14
6814.14
6814.14
6814.14
6814.14
6814.14
6814.14
6814.14
6814.14
6814.14
6814.14
6814.14
6814.14
6814.14
6814.14
6814.14
6814.14
6814.14
6814.14
6814.14
6814.14
6814.14
6814.14
6814.14
6814.14
6814.14
6814.14
6814.14
6814.14
6814.14
6814.14
6814.14
6814.14
6814.14
6814.14
6814.14
6814.14
6814.14
6814.14
6814.14
6814.14
6814.14
6814.14
6814.14
6814.14
6814.14
6814.14
6814.14
6814.14
6814.14
6814.14
6814.14
6814.14
6814.14
