Num_site=50, instance_num=0, lan_init=1
9474.73
8842.26
8267.65
8153.74
8153.74
8153.74
8153.74
7381.5
7381.5
7381.5
7381.5
7381.5
7381.5
7381.5
7381.5
7271.8
7157.2
7157.2
7157.2
7116.66
6925.07
6925.07
6925.07
6925.07
6925.07
6925.07
6925.07
6925.07
6914.27
6914.27
6914.27
6914.27
6914.27
6814.14
6814.14
6814.14
6814.14
6814.14
6814.14
6814.14
6814.14
6814.14
6814.14
6814.14
6814.14
6814.14
6814.14
6814.14
6814.14
6814.14
6814.14
6814.14
6814.14
6814.14
6814.14
6814.14
6814.14
6814.14
6814.14
6814.14
6814.14
6814.14
6814.14
6814.14
6814.14
6814.14
6814.14
6814.14
6814.14
6814.14
6814.14
6814.14
6814.14
6814.14
6814.14
6814.14
6814.14
6814.14
6814.14
6814.14
6814.14
6814.14
6814.14
6814.14
6814.14
6814.14
6814.14
6814.14
6814.14
6814.14
6814.14
6814.14
6814.14
6814.14
6814.14
6814.14
6814.14
6814.14
6814.14
6814.14
