Num_site=50, instance_num=0, lan_init=1
9884.87
9760.37
9049.63
9049.63
8046.85
7743.77
7409.45
7177.53
7177.53
7177.53
7177.53
7177.53
7177.53
7177.53
7177.53
7177.53
7177.53
7177.53
7074.46
7009.97
7009.97
7009.97
7009.97
7009.97
7009.97
7009.97
7009.97
7009.97
6975.91
6975.91
6975.91
6950.86
6950.86
6950.86
6950.86
6950.86
6950.86
6950.86
6950.86
6914.27
6914.27
6814.14
6814.14
6814.14
6814.14
6814.14
6814.14
6814.14
6814.14
6814.14
6814.14
6814.14
6814.14
6814.14
6814.14
6814.14
6814.14
6814.14
6814.14
6814.14
6814.14
6814.14
6814.14
6814.14
6814.14
6814.14
6814.14
6814.14
6814.14
6814.14
6814.14
6814.14
6814.14
6814.14
6814.14
6814.14
6814.14
6814.14
6814.14
6814.14
6814.14
6814.14
6814.14
6814.14
6814.14
6814.14
6814.14
6814.14
6814.14
6814.14
6814.14
6814.14
6814.14
6814.14
6814.14
6814.14
6814.14
6814.14
6814.14
6814.14
