Num_site=50, instance_num=0, lan_init=1
8424.59
8424.59
8424.59
8424.59
8424.59
8216.88
7805.97
7658.09
7658.09
7658.09
7658.09
7658.09
7353.67
7353.67
7353.67
7353.67
7353.67
7353.67
7333.81
7333.81
7222.72
7152.05
7152.05
7152.05
7020.83
7020.83
7020.83
7020.83
7020.83
7020.83
7020.83
6950.86
6950.86
6950.86
6950.86
6950.86
6914.27
6914.27
6914.27
6914.27
6914.27
6857.8
6857.8
6857.8
6857.8
6857.8
6857.8
6857.8
6857.8
6857.8
6857.8
6857.8
6857.8
6814.14
6814.14
6814.14
6814.14
6814.14
6814.14
6814.14
6814.14
6814.14
6814.14
6814.14
6814.14
6814.14
6814.14
6814.14
6814.14
6814.14
6814.14
6814.14
6814.14
6814.14
6814.14
6814.14
6814.14
6814.14
6814.14
6814.14
6814.14
6814.14
6814.14
6814.14
6814.14
6814.14
6814.14
6814.14
6814.14
6814.14
6814.14
6814.14
6814.14
6814.14
6814.14
6814.14
6814.14
6814.14
6814.14
6814.14
