Num_site=50, instance_num=0, lan_init=1
9578.7
8792.04
8209.68
8209.68
8117.82
8117.82
7853.08
7853.08
7739.75
7692.34
7675.83
7630.49
7444.69
7444.69
7339
7226.82
7226.82
7226.82
7226.82
7226.82
6953.89
6953.89
6953.89
6953.89
6953.89
6953.89
6953.89
6953.89
6953.89
6953.89
6953.89
6953.89
6857.8
6814.14
6814.14
6814.14
6814.14
6814.14
6814.14
6814.14
6814.14
6814.14
6814.14
6814.14
6814.14
6814.14
6814.14
6814.14
6814.14
6814.14
6814.14
6814.14
6814.14
6814.14
6814.14
6814.14
6814.14
6814.14
6814.14
6814.14
6814.14
6814.14
6814.14
6814.14
6814.14
6814.14
6814.14
6814.14
6814.14
6814.14
6814.14
6814.14
6814.14
6814.14
6814.14
6814.14
6814.14
6814.14
6814.14
6814.14
6814.14
6814.14
6814.14
6814.14
6814.14
6814.14
6814.14
6814.14
6814.14
6814.14
6814.14
6814.14
6814.14
6814.14
6814.14
6814.14
6814.14
6814.14
6814.14
6814.14
