Num_site=50, instance_num=0, lan_init=1
9528.47
9528.47
9528.47
9528.47
8977.1
8901.06
8901.06
7850.01
7850.01
7850.01
7722.64
7722.64
7722.64
7575.14
7372.37
7333.81
7333.81
7333.81
7333.81
7333.81
7333.81
7333.81
7022.71
7022.71
7022.71
7022.71
7022.71
7022.71
7022.71
7022.71
7022.71
7022.71
7022.71
7014.78
7014.78
7014.78
7014.78
6967.07
6967.07
6857.8
6857.8
6857.8
6857.8
6857.8
6857.8
6857.8
6857.8
6857.8
6814.14
6814.14
6814.14
6814.14
6814.14
6814.14
6814.14
6814.14
6814.14
6814.14
6814.14
6814.14
6814.14
6814.14
6814.14
6814.14
6814.14
6814.14
6814.14
6814.14
6814.14
6814.14
6814.14
6814.14
6814.14
6814.14
6814.14
6814.14
6814.14
6814.14
6814.14
6814.14
6814.14
6814.14
6814.14
6814.14
6814.14
6814.14
6814.14
6814.14
6814.14
6814.14
6814.14
6814.14
6814.14
6814.14
6814.14
6814.14
6814.14
6814.14
6814.14
6814.14
