Num_site=50, instance_num=0, lan_init=1
8738.26
8738.26
8738.26
8738.26
8738.26
8694.09
8191.85
8191.85
7986.32
7519.28
7195.3
7195.3
7195.3
7195.3
7195.3
7116.5
7116.5
6953.89
6953.89
6953.89
6953.89
6953.89
6953.89
6953.89
6953.89
6953.89
6953.89
6953.89
6950.86
6950.86
6814.14
6814.14
6814.14
6814.14
6814.14
6814.14
6814.14
6814.14
6814.14
6814.14
6814.14
6814.14
6814.14
6814.14
6814.14
6814.14
6814.14
6814.14
6814.14
6814.14
6814.14
6814.14
6814.14
6814.14
6814.14
6814.14
6814.14
6814.14
6814.14
6814.14
6814.14
6814.14
6814.14
6814.14
6814.14
6814.14
6814.14
6814.14
6814.14
6814.14
6814.14
6814.14
6814.14
6814.14
6814.14
6814.14
6814.14
6814.14
6814.14
6814.14
6814.14
6814.14
6814.14
6814.14
6814.14
6814.14
6814.14
6814.14
6814.14
6814.14
6814.14
6814.14
6814.14
6814.14
6814.14
6814.14
6814.14
6814.14
6814.14
6814.14
