Num_site=50, instance_num=0, lan_init=1
9110.73
9054.01
8162.84
8162.84
8162.84
7714.08
7714.08
7313.49
7313.49
7313.49
7313.49
7313.49
7216.34
7216.34
6814.14
6814.14
6814.14
6814.14
6814.14
6814.14
6814.14
6814.14
6814.14
6814.14
6814.14
6814.14
6814.14
6814.14
6814.14
6814.14
6814.14
6814.14
6814.14
6814.14
6814.14
6814.14
6814.14
6814.14
6814.14
6814.14
6814.14
6814.14
6814.14
6814.14
6814.14
6814.14
6814.14
6814.14
6814.14
6814.14
6814.14
6814.14
6814.14
6814.14
6814.14
6814.14
6814.14
6814.14
6814.14
6814.14
6814.14
6814.14
6814.14
6814.14
6814.14
6814.14
6814.14
6814.14
6814.14
6814.14
6814.14
6814.14
6814.14
6814.14
6814.14
6814.14
6814.14
6814.14
6814.14
6814.14
6814.14
6814.14
6814.14
6814.14
6814.14
6814.14
6814.14
6814.14
6814.14
6814.14
6814.14
6814.14
6814.14
6814.14
6814.14
6814.14
6814.14
6814.14
6814.14
6814.14
