Num_site=50, instance_num=0, lan_init=1
9218.82
8965.27
8965.27
8683.81
8366.62
8259.17
8067.56
8067.56
8067.56
7669.94
7669.94
7669.94
7538.29
7483.61
7391.82
7391.82
7391.82
7333.88
6914.27
6914.27
6914.27
6914.27
6914.27
6914.27
6914.27
6914.27
6914.27
6914.27
6914.27
6914.27
6914.27
6914.27
6914.27
6857.8
6857.8
6857.8
6814.14
6814.14
6814.14
6814.14
6814.14
6814.14
6814.14
6814.14
6814.14
6814.14
6814.14
6814.14
6814.14
6814.14
6814.14
6814.14
6814.14
6814.14
6814.14
6814.14
6814.14
6814.14
6814.14
6814.14
6814.14
6814.14
6814.14
6814.14
6814.14
6814.14
6814.14
6814.14
6814.14
6814.14
6814.14
6814.14
6814.14
6814.14
6814.14
6814.14
6814.14
6814.14
6814.14
6814.14
6814.14
6814.14
6814.14
6814.14
6814.14
6814.14
6814.14
6814.14
6814.14
6814.14
6814.14
6814.14
6814.14
6814.14
6814.14
6814.14
6814.14
6814.14
6814.14
6814.14
