Num_site=50, instance_num=0, lan_init=1
9338.12
8553.34
7938.51
7802.22
7740.95
7590.6
7590.6
7427.76
7427.76
7270.94
7167.44
7167.44
7167.44
7167.44
7167.44
7167.44
7167.44
7167.44
7167.44
7167.44
7167.44
7167.44
7167.44
7047.47
7047.47
7047.47
7047.47
7047.47
7047.47
7020.83
7020.83
7020.83
7020.83
7020.83
7020.83
7020.83
6925.07
6925.07
6814.14
6814.14
6814.14
6814.14
6814.14
6814.14
6814.14
6814.14
6814.14
6814.14
6814.14
6814.14
6814.14
6814.14
6814.14
6814.14
6814.14
6814.14
6814.14
6814.14
6814.14
6814.14
6814.14
6814.14
6814.14
6814.14
6814.14
6814.14
6814.14
6814.14
6814.14
6814.14
6814.14
6814.14
6814.14
6814.14
6814.14
6814.14
6814.14
6814.14
6814.14
6814.14
6814.14
6814.14
6814.14
6814.14
6814.14
6814.14
6814.14
6814.14
6814.14
6814.14
6814.14
6814.14
6814.14
6814.14
6814.14
6814.14
6814.14
6814.14
6814.14
6814.14
