Num_site=50, instance_num=0, lan_init=1
8431.49
8431.49
8171.28
8171.28
8171.28
8171.28
8171.28
8171.28
7748.74
7432.47
7432.47
7432.47
7355.25
7355.25
7355.25
7283.98
7282.43
7030.68
7030.68
7030.68
7030.68
7030.68
7030.68
7030.68
7030.68
6974.73
6974.73
6974.73
6974.73
6974.73
6974.73
6974.73
6974.73
6974.73
6974.73
6974.73
6974.73
6974.73
6814.14
6814.14
6814.14
6814.14
6814.14
6814.14
6814.14
6814.14
6814.14
6814.14
6814.14
6814.14
6814.14
6814.14
6814.14
6814.14
6814.14
6814.14
6814.14
6814.14
6814.14
6814.14
6814.14
6814.14
6814.14
6814.14
6814.14
6814.14
6814.14
6814.14
6814.14
6814.14
6814.14
6814.14
6814.14
6814.14
6814.14
6814.14
6814.14
6814.14
6814.14
6814.14
6814.14
6814.14
6814.14
6814.14
6814.14
6814.14
6814.14
6814.14
6814.14
6814.14
6814.14
6814.14
6814.14
6814.14
6814.14
6814.14
6814.14
6814.14
6814.14
6814.14
