Num_site=50, instance_num=0, lan_init=1
8441.16
7663.12
7663.12
7663.12
7544.98
7544.98
7098.23
7098.23
7098.23
7098.23
7098.23
7098.23
7098.23
7098.23
7098.23
7098.23
6956.72
6956.72
6956.72
6956.72
6956.72
6953.89
6953.89
6953.89
6953.89
6953.89
6953.89
6925.07
6925.07
6814.14
6814.14
6814.14
6814.14
6814.14
6814.14
6814.14
6814.14
6814.14
6814.14
6814.14
6814.14
6814.14
6814.14
6814.14
6814.14
6814.14
6814.14
6814.14
6814.14
6814.14
6814.14
6814.14
6814.14
6814.14
6814.14
6814.14
6814.14
6814.14
6814.14
6814.14
6814.14
6814.14
6814.14
6814.14
6814.14
6814.14
6814.14
6814.14
6814.14
6814.14
6814.14
6814.14
6814.14
6814.14
6814.14
6814.14
6814.14
6814.14
6814.14
6814.14
6814.14
6814.14
6814.14
6814.14
6814.14
6814.14
6814.14
6814.14
6814.14
6814.14
6814.14
6814.14
6814.14
6814.14
6814.14
6814.14
6814.14
6814.14
6814.14
6814.14
