Num_site=50, instance_num=0, lan_init=1
7555.43
7369.18
7277.49
7277.49
7277.49
7277.49
7277.49
7277.49
7277.49
7188.28
7188.28
7188.28
7165.81
7165.81
6992.48
6992.48
6992.48
6992.48
6956.72
6956.72
6956.72
6956.72
6956.72
6956.72
6956.72
6956.72
6956.72
6857.8
6857.8
6857.8
6857.8
6814.14
6814.14
6814.14
6814.14
6814.14
6814.14
6814.14
6814.14
6814.14
6814.14
6814.14
6814.14
6814.14
6814.14
6814.14
6814.14
6814.14
6814.14
6814.14
6814.14
6814.14
6814.14
6814.14
6814.14
6814.14
6814.14
6814.14
6814.14
6814.14
6814.14
6814.14
6814.14
6814.14
6814.14
6814.14
6814.14
6814.14
6814.14
6814.14
6814.14
6814.14
6814.14
6814.14
6814.14
6814.14
6814.14
6814.14
6814.14
6814.14
6814.14
6814.14
6814.14
6814.14
6814.14
6814.14
6814.14
6814.14
6814.14
6814.14
6814.14
6814.14
6814.14
6814.14
6814.14
6814.14
6814.14
6814.14
6814.14
6814.14
