Num_site=50, instance_num=0, lan_init=1
9181.18
8840.9
8833.87
8267.91
7937.63
7937.63
7937.63
7937.63
7937.63
7738.9
7738.9
7738.9
7738.9
7738.9
7689.76
7271.69
7271.69
7271.69
7271.69
7271.69
7271.69
7271.69
7271.69
7271.69
7190.12
7190.12
7190.12
7190.12
7095.35
7095.35
6814.14
6814.14
6814.14
6814.14
6814.14
6814.14
6814.14
6814.14
6814.14
6814.14
6814.14
6814.14
6814.14
6814.14
6814.14
6814.14
6814.14
6814.14
6814.14
6814.14
6814.14
6814.14
6814.14
6814.14
6814.14
6814.14
6814.14
6814.14
6814.14
6814.14
6814.14
6814.14
6814.14
6814.14
6814.14
6814.14
6814.14
6814.14
6814.14
6814.14
6814.14
6814.14
6814.14
6814.14
6814.14
6814.14
6814.14
6814.14
6814.14
6814.14
6814.14
6814.14
6814.14
6814.14
6814.14
6814.14
6814.14
6814.14
6814.14
6814.14
6814.14
6814.14
6814.14
6814.14
6814.14
6814.14
6814.14
6814.14
6814.14
6814.14
