Num_site=50, instance_num=0, lan_init=1
8424.59
8424.59
7441.21
7441.21
7441.21
7441.21
7441.21
7441.21
7369.34
7114.05
7114.05
7114.05
7114.05
7022.71
7022.71
7022.71
7022.71
7022.71
7022.71
6857.8
6857.8
6857.8
6857.8
6857.8
6857.8
6857.8
6857.8
6857.8
6857.8
6857.8
6857.8
6857.8
6857.8
6857.8
6857.8
6857.8
6857.8
6857.8
6857.8
6857.8
6857.8
6857.8
6857.8
6857.8
6857.8
6857.8
6857.8
6857.8
6857.8
6857.8
6857.8
6857.8
6857.8
6857.8
6857.8
6857.8
6814.14
6814.14
6814.14
6814.14
6814.14
6814.14
6814.14
6814.14
6814.14
6814.14
6814.14
6814.14
6814.14
6814.14
6814.14
6814.14
6814.14
6814.14
6814.14
6814.14
6814.14
6814.14
6814.14
6814.14
6814.14
6814.14
6814.14
6814.14
6814.14
6814.14
6814.14
6814.14
6814.14
6814.14
6814.14
6814.14
6814.14
6814.14
6814.14
6814.14
6814.14
6814.14
6814.14
6814.14
